1.77940772656432,0.0910279077242359,0.0484684598687297,0.225159921729776,0.0135943371149209,0.0436980557699686,0.0324960518144774,0,0,0.0020404487129539,0.0639810137124958,0,0.0770099714569014,0.0120644755377056,0,0.00936197261354102,0.0587902497000466,1.75761282510875e-05,0.00425048148915221,0,0.135273934846316,0,0.298622023043308,0,1.7576128251087e-05,0.787198156788525,0,0.118609765263559,0.0641283197122437,0,10
1.88892087111457,0.107135729905693,0.0316723839731222,0.164920454546571,0.0143160199954699,0.0532771579306704,0.0185643345703451,0,0,0.00208904358016144,0.0405112996334699,0,0.0786686334108047,0.0147119187815684,0,0.00868358209681094,0.0754249875146627,2.01123848857431e-05,0.00290172678163338,0,0.0476688233945824,0,0.318394916940133,0,2.09143351017364e-05,0.736781351676847,0,0.101655515215162,0.0750678978004156,0,10
1.82068096242143,0.145416077936092,0.016509864213754,0.115577390086867,0.0108739166884317,0.0689443954118817,0.0108883896827955,0,0,0.00170425816298511,0.023651244087304,0,0.0861472198844262,0.0169292737318296,0,0.00685000125247211,0.113574963918096,1.97588946037117e-05,0.00208832123958838,0,0.0220293393752962,0,0.327792747700001,0,2.31375409742217e-05,0.705650433778643,0,0.06381870337476,0.0934925723543272,0,10
1.93251105570475,0.205915843815086,0.0102130145921531,0.0822520176763311,0.00712737751274818,0.0809960806051952,0.0065278993194361,0,0,0.00139625256749662,0.0154883942423641,0,0.0813383998732915,0.0183897519052434,0,0.00492760051820699,0.122282670004541,1.63842891087742e-05,0.00142483291627907,0,0.0102362200064667,0,0.260253912891168,0,2.01570382134408e-05,0.796750479031571,0,0.0389676434161479,0.110108646106384,0,10
1.87887532984605,0.2578925774853,0.00618309635405729,0.0572071362771406,0.00425329984658325,0.0950067821952656,0.00414146444746914,0,0,0.00121382307406828,0.0118719556141465,0,0.0826914893870442,0.0182892381577629,0,0.00329894217988049,0.141167371476008,1.29672845149809e-05,0.00112076450650824,0,0.00588177599014287,0,0.178768952799733,0,1.65126858335554e-05,0.809746296245838,0,0.0221336829025222,0.122494446140696,0,10
1.64199454090543,0.350851840664141,0.00413043628200613,0.0405373688018424,0.00250949149953893,0.105888281235619,0.00346055117326358,0,0,0.000912921254230834,0.011427820927317,0,0.078333230262666,0.0168186896079207,0,0.00281164241542478,0.157320636547627,1.09421829071074e-05,0.000964994225357408,0,0.00473896341485025,0,0.106463143578616,0,1.40271331326404e-05,0.852671077189855,0,0.0145286015831212,0.145699027501923,0,10
1.58312671729625,0.452738776906007,0.00286012997950069,0.0298933093364714,0.00153208785661834,0.114652712362278,0.00312342097636882,0,0,0.000847185248856521,0.0101921728934408,0,0.0750218289528252,0.0145188324030955,0,0.00213185288200904,0.154505761045337,8.5532092076167e-06,0.000762959857161593,0,0.00354694374398207,0,0.0621719777268233,0,1.08215564721632e-05,0.887010991193907,0,0.00933222683376423,0.152911704657065,0,10
1.63790898399424,0.597293840733468,0.0024538655403301,0.0214612357142934,0.00106954621481518,0.117440762899492,0.002419827761541,0,0,0.000730476416553649,0.0108399058710504,0,0.0698007144175657,0.0109344759073536,0,0.00138775980411364,0.138410278443548,6.57441749426396e-06,0.000601672141078867,0,0.00241445344789357,0,0.0377051479836008,0,9.32550504282836e-06,0.911339703778519,0,0.00667788822991031,0.149287782126672,0,10
1.68462636502969,0.770915534969553,0.00188293786551779,0.0168005616902224,0.000838762749900638,0.131501326443395,0.0021485265143295,0,0,0.000604116235311977,0.0109823222200689,0,0.0711718953888217,0.00879969846481751,0,0.000850816619488604,0.118725484465625,5.18308275862552e-06,0.00046315667721093,0,0.00158342787027283,0,0.0233120996461044,0,7.5418217166354e-06,0.914553627618347,0,0.00472483694712378,0.142342932502628,0,10
1.63308978680898,0.916760608866044,0.00156808955964628,0.0119057087686812,0.00067256563031396,0.136700781212856,0.00173898891892078,0,0,0.000457620726744731,0.0114776413165626,0,0.0644581612622659,0.00665750036178012,0,0.000523371473298819,0.106322086761178,4.20264424695155e-06,0.000381143552835962,0,0.00114763861913555,0,0.0137261089937574,0,5.94325264563017e-06,0.956521644372607,0,0.00370661061966475,0.118067886084907,0,10
1.71291189348878,0.981944970534636,0.00135745229172041,0.00939732689566382,0.000539106471560313,0.137664552597586,0.00157098214260456,0,0,0.000325086576805146,0.0135599905578233,0,0.0574037998228098,0.00517402196368817,0,0.000343792047134079,0.0921089755920112,3.15292194350974e-06,0.000280262395441825,0,0.000736085014829357,0,0.00884681506397434,0,5.19711331493018e-06,1.05924522559051,0,0.00300764778103379,0.085942372601178,0,10
1.63392785325441,1.00287032708773,0.00130310991516876,0.00750723355962784,0.000437006622289332,0.134069983490313,0.00151720835810522,0,0,0.000227398707347692,0.0145843105588563,0,0.0540246670483341,0.00399118036544147,0,0.000216995251504744,0.0830865518582829,2.79809995630044e-06,0.000228769731339706,0,0.000620725934569551,0,0.0064390987832956,0,4.85987726335038e-06,1.11808668497963,0,0.00258149568908975,0.0658295753588545,0,10
1.51873072292328,0.978375860551739,0.0013493446471871,0.00688549178419553,0.000444018154431721,0.121745392596279,0.00137689875315131,0,0,0.000180437483358968,0.0170890892958583,0,0.0453421197694741,0.00296011262784764,0,0.000168174787204019,0.0626246220771891,2.3729769870844e-06,0.000198877903757263,0,0.000564961137635447,0,0.00470010640727909,0,4.19304592051415e-06,1.28272657103329,0,0.00252066188959572,0.0487538794643146,0,10
1.55954445919813,0.934799151566242,0.00146114302753752,0.00676913985199774,0.000492702790422893,0.10538469571573,0.00123646408167499,0,0,0.000140059086607554,0.0204635156816168,0,0.0429755708045837,0.00213448043208885,0,0.000111996958809673,0.0525074917475572,2.00865495043761e-06,0.000171937007291381,0,0.000475721216139828,0,0.00383487846533639,0,3.56937169303409e-06,1.45470302074645,0,0.00267750015373703,0.0355693674206798,0,10
1.41050821629079,0.849025294075442,0.00175978342290206,0.00754062123653751,0.000535901715523101,0.0808842778296138,0.00115575728668231,0,0,0.000109397882023311,0.027362420302201,0,0.0390462154693384,0.00160226193645183,0,8.56589800263386e-05,0.0437315450837173,1.74029650606565e-06,0.000157435827910419,0,0.000451532997127964,0,0.00284417477525803,0,3.11605804143827e-06,1.47633278099162,0,0.00320859037567261,0.0302781126966684,0,10
1.34029244101608,0.74879137153821,0.00225981502444353,0.00871379522431779,0.000770577578655161,0.0649537501668232,0.000934268451493529,0,0,8.75445572900047e-05,0.0394195874782188,0,0.0367234369817421,0.00132331280525002,0,6.12930828324503e-05,0.0337178553414764,1.64827397636694e-06,0.000154966493732274,0,0.000419643409168438,0,0.00253772920496428,0,2.66280275532368e-06,1.69533036819094,0,0.0040210818509432,0.0244838145591459,0,10
1.49920602592461,0.574808019682395,0.00292784849905888,0.0116905575639471,0.00124679125495849,0.0539709188224989,0.000762302494844329,0,0,5.92369938901393e-05,0.0596250437276686,0,0.037167924244312,0.00101598053300367,0,4.56625604028527e-05,0.0289437733610396,1.50931932488229e-06,0.000152490613869861,0,0.000413034063646335,0,0.00244131427813507,0,2.47892441989859e-06,1.8116007344172,0,0.0057006763042854,0.0236013985568394,0,10
1.33996057390397,0.522076098336949,0.00447247299124327,0.0175363230773961,0.00270365483954766,0.0393976627801003,0.000640654765388946,0,0,5.22885987525239e-05,0.0988061376488601,0,0.033588811462079,0.000845414604755768,0,3.72887781964609e-05,0.0258612453508634,1.74045399621054e-06,0.000162407481683902,0,0.000494370257253901,0,0.0021671563221284,0,2.58257911076238e-06,1.68730048020087,0,0.00862217560953782,0.0236030685340044,0,10
1.36351763776374,0.343523018582248,0.00609236526769164,0.0308845739983903,0.00663384275443706,0.0255617974286888,0.000518369941834137,0,0,3.81966677253089e-05,0.146328134483361,0,0.0346198795078739,0.000775092826822925,0,3.18773729161826e-05,0.0238846839818803,1.70991425345831e-06,0.00016120479871886,0,0.000530667347015384,0,0.00271081983359452,0,2.8621183407226e-06,1.77162375948457,0,0.0149959856597327,0.0242592875615907,0,10
1.25187633042541,0.174853194032085,0.00927622016189926,0.0517780967469759,0.0160662184413905,0.0198487116017741,0.000411635266911167,0,0,3.21005222397755e-05,0.240419292232788,0,0.0368977099672958,0.00065422554576396,0,2.72947164625579e-05,0.0212060525952051,1.86377604968923e-06,0.000166355670665707,0,0.000623499854888388,0,0.00365929345282708,0,3.72682110628874e-06,1.81431694309234,0,0.0262406096607314,0.0194702861920115,0,10
1.3496030809165,0.099082164305111,0.0142850387025629,0.0967144228143385,0.0470923998579772,0.0137474972331672,0.000285243724912419,0,0,3.06378354963114e-05,0.279487666885049,0,0.0376361470786843,0.0006954479984299,0,2.58375946712258e-05,0.020428258699071,2.38062885693049e-06,0.000150881052027149,0,0.000670951137102278,0,0.0054245958701078,0,4.28623321283806e-06,1.65458224350121,0,0.0495848626799015,0.0164573193105834,0,10
1.31086736829342,0.0717944932906125,0.0215923343924812,0.169578869717944,0.145140226089193,0.0117452504354631,0.000222950908823928,0,0,2.8147104724678e-05,0.124031595908544,0,0.0465207061405802,0.000806687285088584,0,2.93987247922164e-05,0.0226152673076581,3.11052501119052e-06,0.000139352257604168,0,0.000721737447581914,0,0.00848854187647612,0,5.83107950443686e-06,1.3930062005224,0,0.0934828491046225,0.015608360576374,0,10
1.29239506834027,0.0613739325863152,0.0311048865197526,0.319589425351769,0.140527507541204,0.0105936227802409,0.000194280837333116,0,0,3.05836208314771e-05,0.000796633965201982,0,0.0747491615756952,0.000956600452011575,0,3.4738195597389e-05,0.0248852085745333,3.91600005223532e-06,0.000140599143963807,0,0.000912853704525652,0,0.0144342677278301,0,6.47206791478594e-06,1.22195347504652,0,0.176827931941317,0.0156511789703683,0,10
1.30837549731237,0.0476585999839427,0.034600437821015,0.54216268169195,0.081931133233788,0.0121426743870859,0.000165257185605169,0,0,3.4474518764087e-05,0.000103026618111612,0,0.114354235111081,0.00120297833924719,0,4.51275522644911e-05,0.028642776680453,5.3689500277444e-06,0.000127848048115252,0,0.000849115055615019,0,0.0250365548523509,0,7.13037165300435e-06,1.12805209919598,0,0.287417544303443,0.0138826487558695,0,10
1.32907554028875,0.0375882511902727,0.0248418539049003,0.775810157749394,0.040210155205064,0.015441346616915,0.000162240669897181,0,0,4.8144062519974e-05,5.37067989997548e-05,0,0.130532876827279,0.00185937320813409,0,5.33508012802253e-05,0.0365463774270003,6.29870185346796e-06,0.000109706399558601,0,0.000725138412202717,0,0.0487000875687982,0,8.71985109031777e-06,0.97806288839865,0,0.402545854435601,0.0125111360141195,0,10
1.25253948395384,0.0279047288733918,0.0105463918753886,0.86430245185927,0.0169867404816304,0.0169490176936746,0.0001845690350101,0,0,5.23953965628577e-05,4.71226900950482e-05,0,0.146831082226951,0.00264024798481307,0,6.79105790693514e-05,0.0384289505147064,8.96402743221131e-06,8.81789656587775e-05,0,0.000604473154558352,0,0.0806896960300051,0,1.35869404377665e-05,0.925500514157757,0,0.450440765387967,0.00960818688345518,0,10
1.2740083813271,0.0201039206878287,0.0045510607388631,0.977673532267925,0.00712853745337906,0.0211517073541712,0.000198234016205846,0,0,5.8669876119857e-05,4.78472265202497e-05,0,0.140327880125481,0.00396012756552757,0,8.89215064144675e-05,0.0560177586855092,1.53512416508763e-05,6.58594417884426e-05,0,0.000420980784562019,0,0.142864763439746,0,2.04137502273315e-05,0.862323464260206,0,0.469089672047572,0.00810636024091896,0,10
1.20080026647066,0.0165539482424893,0.00198927279229181,0.894556722342537,0.00286717990811911,0.0257170866604519,0.000191941716832691,0,0,8.42478541134173e-05,5.52546807213605e-05,0,0.143053801149866,0.00566171272534966,0,0.000137826493784775,0.074725412328831,2.25273696894416e-05,5.15879560273145e-05,0,0.000345259394832648,0,0.229294976304512,0,2.87701986058945e-05,0.81296391294761,0,0.486793851088904,0.00699895797404426,0,10
1.16304292751831,0.0141437146825833,0.000962917528849375,0.785205993811643,0.00130544149079605,0.0347898948926957,0.000221555084193929,0,0,0.000111193474891202,7.22103728778417e-05,0,0.142336528392912,0.0088493848223865,0,0.000182198400185735,0.110255581428685,3.10626939440328e-05,4.79455759151811e-05,0,0.000315586063588575,0,0.364016147345912,0,4.4662978501615e-05,0.781034848965828,0,0.434224418412434,0.00723596084979617,0,10
1.11861478823947,0.0157136378717219,0.000578233146201591,0.602233308772594,0.00064810299688996,0.0445065943526681,0.000261896885232323,0,0,0.000149366627803121,9.78561407123281e-05,0,0.130383690038899,0.0121810808073617,0,0.000247115620022045,0.150331295816387,4.39574629502153e-05,5.20108478566508e-05,0,0.000325995364117287,0,0.541531245138861,0,5.67723003820059e-05,0.660274324079086,0,0.35403667143562,0.00914447574426587,0,10
1.1051722713255,0.0219767145126346,0.000413724811360201,0.34155204793263,0.000328855720768631,0.0617044008072309,0.000308147477698965,0,0,0.000196657376767003,0.000136594995024391,0,0.125213037044964,0.0206235677389087,0,0.000334374307651694,0.227455599413607,5.63080812018405e-05,6.90192517891555e-05,0,0.000417823835956004,0,0.695063414948448,0,6.21960001122042e-05,0.638815604385393,0,0.226982404332744,0.0124695281746641,0,10
1.06929279014556,0.0386821926973073,0.000364879249130388,0.20416926795758,0.000178248135632512,0.0925683813544574,0.000319719790167372,0,0,0.000261180755803776,0.000215568369073837,0,0.119951913474065,0.0320518231477815,0,0.00047087435901448,0.325107299931077,6.78527470784485e-05,0.00010212153143473,0,0.000570731298305621,0,0.588719687691394,0,7.54491820727788e-05,0.587076001706774,0,0.119630439098246,0.0190851053368096,0,10
1.13428743706835,0.0761806706952959,0.000342346792387911,0.0930143639292293,9.82325460757467e-05,0.126191262892451,0.000309543296463198,0,0,0.000305503588802581,0.000312089815713389,0,0.110570264498083,0.04028248632326,0,0.000582757295054591,0.42688438412475,6.71254569230216e-05,0.00015624381244499,0,0.000840955612767737,0,0.341797800289866,0,6.5780119253565e-05,0.605434527708515,0,0.0405497343054636,0.0320974258078415,0,10
1.13299397873163,0.142420140407413,0.000295605184172876,0.024178852152464,5.7800657523723e-05,0.154987531529702,0.000312682569744406,0,0,0.000351677510505171,0.000364807445576493,0,0.0997023668447105,0.0345961952979109,0,0.000631865307028707,0.52647112926161,5.18886516304682e-05,0.000238695709613432,0,0.00119667792435423,0,0.122811802235119,0,5.03086983475282e-05,0.637077539722725,0,0.00759084378619659,0.0516454906116803,0,10
1.09869159488323,0.257692656689855,0.000214696105950087,0.00583183822666992,2.92358991327122e-05,0.167165619522513,0.000320441960575542,0,0,0.000303215575855881,0.000374021829975916,0,0.0903028299191984,0.0249751413713567,0,0.000477332082936382,0.512761904864706,3.99146438551898e-05,0.000341490697617503,0,0.00164615017273464,0,0.0254483448991221,0,4.21685536688045e-05,0.665322133102858,0,0.00178664868949144,0.0641379198802505,0,10
1.12290157188395,0.450418517453756,0.000189565378541158,0.00293066853255839,1.78806481797007e-05,0.165180623764745,0.000362978937426698,0,0,0.000267777247421512,0.000405927781386304,0,0.0838839432740609,0.0164040526778859,0,0.000361236701395516,0.377490951819898,2.95120144965539e-05,0.000441669453954168,0,0.00179375620338838,0,0.00970120224834246,0,3.29255071217206e-05,0.682978710998702,0,0.000958516937908927,0.059841964891561,0,10
1.02952647156268,0.663504856796342,0.000158208991380429,0.0016874166477515,1.15094256708214e-05,0.171309380738036,0.000390631650469924,0,0,0.000237959421777464,0.000457051203809409,0,0.0837101957537176,0.0101975620669385,0,0.00028036077756106,0.311085360646478,2.57526704953746e-05,0.000551401510384286,0,0.00215799122942359,0,0.00385681197756354,0,2.37442421188817e-05,0.716646491428486,0,0.000625022233359321,0.0488317481913068,0,10
1.06437415053598,0.821709629250756,0.000142591283346915,0.0011706515397347,7.8376524784163e-06,0.149960776564745,0.000411283846476315,0,0,0.000192731710003148,0.000540963447569439,0,0.0845515155578066,0.00689982951044458,0,0.00021749165285277,0.247947736207057,1.88291200165518e-05,0.000629005786092323,0,0.00218985975818502,0,0.00199360771908586,0,1.89377940905158e-05,0.833898234403835,0,0.000471589868034667,0.0400878465957976,0,10
1.01481681406266,1.08986928513817,0.000129501906914077,0.000874206299502807,5.17207247826732e-06,0.162527504947428,0.00045033696223388,0,0,0.000147879044033018,0.000530986829156845,0,0.0827293648768127,0.00445122192791731,0,0.000171028474858609,0.213611402815473,1.51546841991746e-05,0.00067518997092633,0,0.00221191287075197,0,0.00116791039008425,0,1.51106105647558e-05,0.832741292609804,0,0.000323202209353454,0.0292416312809152,0,10
0.939840706909545,1.26548502880832,0.000106993180104339,0.000695685663397262,3.80535992454202e-06,0.129522666331548,0.000497728159354567,0,0,0.0001262541052318,0.000560527203680084,0,0.07486563169767,0.00335813707533317,0,0.00012769371436402,0.164992910889092,1.21123356809104e-05,0.000602248730672089,0,0.00209989789164278,0,0.000742479392955078,0,1.13201488496119e-05,0.975570060816164,0,0.000253478502759901,0.0220615023339843,0,10
0.905592066676867,1.28454219791612,0.000103981924157272,0.000609198923946511,2.78601734430664e-06,0.110185942322532,0.000570676173203156,0,0,0.000100253284894943,0.000597785354508368,0,0.070192751612763,0.00236786115914992,0,9.72791230217073e-05,0.137257856028534,9.84639066507711e-06,0.000566502486642555,0,0.00194297725677251,0,0.000496085461920807,0,1.02193286025507e-05,1.11292059446552,0,0.000208995445319684,0.0170415083115775,0,10
0.969024246527492,1.40499533562463,9.12128583387253e-05,0.000562805109779869,2.08187227488587e-06,0.0940571475425319,0.000607182269818524,0,0,8.34321723920078e-05,0.000584011527104034,0,0.0659711571969108,0.00179502427006029,0,7.37342066719435e-05,0.113338478281022,7.83520568518398e-06,0.000487487519485645,0,0.00144676994806786,0,0.000361755609764523,0,8.58825026698865e-06,1.21431146679549,0,0.000201813339896721,0.0136685804295858,0,10
0.94272492824282,1.18336604914278,8.61979287550708e-05,0.00064659683655105,1.5722441355339e-06,0.0810813337716643,0.000810805181170227,0,0,7.02660707508724e-05,0.000650863980450056,0,0.0606799067418517,0.0013835040740933,0,6.08941668455011e-05,0.0889523736989762,6.44932682439526e-06,0.000477581228550683,0,0.00126248914568429,0,0.000274952198798122,0,7.58530295700265e-06,1.30829535744316,0,0.00020929714210323,0.0114361230325265,0,10
0.915678476743335,1.17338795745796,9.07965394868991e-05,0.000716442391951398,1.20691328284804e-06,0.0675467793434758,0.000963419724398574,0,0,5.72770475179737e-05,0.000808988168540585,0,0.0574747053610499,0.00106484978408874,0,4.79409325833931e-05,0.0704539551192985,5.53671285791291e-06,0.000427564320705352,0,0.00115507003119091,0,0.000208839095325122,0,6.98520554919293e-06,1.33125640587465,0,0.000256640161815245,0.0106720635108321,0,10
0.880306785669477,1.13231942531197,0.000103657695745611,0.000844596206947217,1.02694342030883e-06,0.0567215394777658,0.00106013494766163,0,0,4.57472433250029e-05,0.00101878843876809,0,0.0559997970037506,0.000843037742856652,0,4.05066297797018e-05,0.0546707926446266,4.3432169149588e-06,0.000468772801478777,0,0.0012316109305278,0,0.000170153230729109,0,6.149127100051e-06,1.3487279849219,0,0.000298203918228296,0.0105471822185421,0,10
0.849753538044122,1.039066684908,0.000109989645687343,0.00111798767025395,0,0.0448295601447296,0.00104149716952914,0,0,3.94250129263886e-05,0.00145902872624021,0,0.0481225799751253,0.000672915151660711,0,3.26686448866269e-05,0.042177558657082,3.50596585901944e-06,0.000471225526522064,0,0.00119788601467524,0,0.000154171063922279,0,5.42235109676381e-06,1.42514276711164,0,0.000371366003019304,0.0112645747612835,0,10
0.948470217590602,0.920690785502397,0.000112220405876623,0.00140176838505457,0,0.035787698303356,0.00120985151270855,0,0,3.25044524095437e-05,0.00204182084174644,0,0.0467497529526548,0.00047700524969541,0,2.74694932412618e-05,0.0329173212279478,2.86842040860432e-06,0.00046137453555996,0,0.00118739682207776,0,0.000129562759028099,0,4.44365975800342e-06,1.62396862119564,0,0.000532307677559227,0.011867461436498,0,10
0.887571759251592,0.838090580873941,0.000135106988670533,0.0019626145676427,0,0.0289488021439365,0.00133487001269229,0,0,2.83298265592349e-05,0.00305008039855596,0,0.0440477359739387,0.000399821110393887,0,2.19817382537429e-05,0.0258201801808087,2.54049280214963e-06,0.000473146785593799,0,0.00122325464275674,0,0.000113610483581356,0,3.96503312951359e-06,1.6036053297173,0,0.000792518627809252,0.0147660112584818,0,10
0.77891603097527,0.718435931209979,0.000157679444388707,0.00294444933433787,0,0.0222058007707722,0.00140861853660763,0,0,2.40363519465624e-05,0.00500879643893782,0,0.0410237632359553,0.000339709964055882,0,1.69574709344875e-05,0.0187600213240345,2.28316460124968e-06,0.000539658800503864,0,0.00152262130629399,0,0.000100164275216334,0,3.25807122767562e-06,1.68507028270034,0,0.00114881082227345,0.0175563712764957,0,10
0.808472207670522,0.582112277570788,0.000215066962460974,0.00473128368193173,0,0.0173692525047978,0.00146365924591323,0,0,1.92940477554494e-05,0.00939694516586922,0,0.0395778609375635,0.000266022546686764,0,1.41097779646103e-05,0.0140030530022322,2.02290650158987e-06,0.000612137837860882,0,0.00201346316081901,0,8.88029253342472e-05,0,2.58892676465807e-06,1.70612764757722,0,0.00215095591190346,0.0216376639419746,0,10
0.80085389411003,0.393832310195868,0.000295281893005467,0.00905461625654662,0,0.0125492269508685,0.00116947805361199,0,0,1.62383204119899e-05,0.019453080800677,0,0.0363884485030513,0.000216475206047685,0,1.03310811842496e-05,0.00945682164876175,1.78414455013226e-06,0.000662646081568132,0,0.00279495555607239,0,8.74801185635951e-05,0,2.26994048759996e-06,1.93077689537111,0,0.00414987293243477,0.0221821394373081,0,10
0.746538087962684,0.249280100048086,0.000438923959287741,0.0178203040339738,0,0.00829602932798283,0.00099027833197136,0,0,1.33491200783603e-05,0.0419859452878272,0,0.0323282166206933,0.000179860899571863,0,7.88961117155393e-06,0.00708096871037997,1.69198978722434e-06,0.000706594840693446,0,0.0038896746769147,0,8.88715542851606e-05,0,1.99463498441079e-06,1.87966436319071,0,0.00828924468897103,0.022082593906022,0,10
0.744001317140466,0.118795406991135,0.000658728853025526,0.0392371458007975,0,0.00544854515044177,0.000715132440509579,0,0,1.16312443492765e-05,0.099666175902064,0,0.0310535376370485,0.000146287884781244,0,6.508484602467e-06,0.00502261893775045,1.5708949270113e-06,0.00070085984286952,0,0.00564127447667304,0,9.6197642495066e-05,0,1.91480874652998e-06,1.97961590221972,0,0.0168952995799443,0.0164688691348208,0,10
0.719855109374244,0.0655304604315533,0.00106834433386034,0.0834718534404605,0,0.00393088512251668,0.000540351220463793,0,0,1.01500916826923e-05,0.235615774129023,0,0.0298768053750249,0.000126752359563063,0,6.58155269593174e-06,0.00440492685074951,1.87621586665294e-06,0.000640497842134124,0,0.00800032566203566,0,0.000120383215714169,0,2.55785414825357e-06,1.73387499914399,0,0.0388506850700283,0.0133000377892494,0,10
0.869631916874298,0.0388200001591172,0.0014220666631899,0.159095722635257,0,0.00354395166465829,0.000350177788518443,0,0,9.78749819840578e-06,0.492732880465374,0,0.029846284005164,0.00014364868737936,0,6.99531974905656e-06,0.0043464272049071,2.55967888077407e-06,0.000486326943757268,0,0.0087175509372639,0,0.00020406388129019,0,3.53853529663313e-06,1.54602672486992,0,0.0759934259318501,0.0108688671559368,0,10
0.920615996229742,0.0230860568264429,0.00170343653366883,0.257029162192381,0,0.00344300284691295,0.000298070565276994,0,0,1.14056915946556e-05,0.850415758720092,0,0.0255352520915972,0.00017516191036266,0,8.57380760148103e-06,0.00451057081539622,4.07616435093516e-06,0.00033712014324085,0,0.0070687179124616,0,0.000438302231104799,0,5.85249323109378e-06,1.40599647220212,0,0.119446865194528,0.00812915263917949,0,10
0.905784295756029,0.0139646498130361,0.00161558584229456,0.316905590645565,0,0.00346493474887885,0.000254047361112273,0,0,1.33683114096027e-05,1.12527429507294,0,0.0263330309805326,0.000243459640915068,0,1.12279079415082e-05,0.00542644222017097,6.9124576169291e-06,0.00021377848415487,0,0.00494473695978709,0,0.00100667492868823,0,9.98081899345192e-06,1.21012817630521,0,0.158218739782392,0.00595049800051943,0,10
0.898899555474144,0.00734734898406157,0.00134013165267989,0.36555849107769,0,0.00392714573713676,0.000244606079840977,0,0,1.7341343219709e-05,1.26931399163402,0,0.0244471485566425,0.000289537401383752,0,1.38494095805736e-05,0.00689536746032118,1.0944567417939e-05,0.000141029274205956,0,0.00304277852220489,0,0.00238609770224143,0,1.41429068489684e-05,1.11570947002059,0,0.168261147237541,0.00353660143768869,0,10
0.949728734547002,0.00432793085304105,0.00111656087714575,0.366105707687132,0,0.00416479779848647,0.000223661847155078,0,0,2.39695500308771e-05,1.36075119718182,0,0.0250670116002269,0.000439043965204704,0,1.84791714592526e-05,0.00867450391012018,1.84246769924122e-05,9.17165667895149e-05,0,0.00188158022660463,0,0.00527695017507925,0,2.51028386012698e-05,0.998915603969155,0,0.188679518656022,0.0021425501661365,0,10
0.97005016285,0.00287735276691567,0.000824093345514813,0.383439452520693,0,0.00557660219966868,0.000199476865787322,0,0,2.70186942175728e-05,1.30956079342661,0,0.0244065010576966,0.000678760869399419,0,2.62517344819447e-05,0.012234802414443,2.95044300274558e-05,6.21755744153042e-05,0,0.00114857940210371,0,0.011014797552897,0,3.80625500526533e-05,0.828214153673506,0,0.182163784244843,0.00164587908959965,0,10
0.980430000526246,0.0019787711939698,0.000641978013013353,0.370929784646781,0,0.00656704194056429,0.000172823215350958,0,0,3.72539892668885e-05,1.3657554048811,0,0.0234544042015846,0.00102518588215639,0,3.17999224050759e-05,0.0164457323895502,4.57962270476235e-05,4.23065289886332e-05,0,0.000752387611433884,0,0.0247058241990904,0,6.22852033418503e-05,0.758215106849971,0,0.187243110483086,0.00126588127387576,0,10
1.00164210184194,0.00158043970436786,0.000473229898164002,0.33403358230258,0,0.00911254495732166,0.00017209259097955,0,0,4.44692542731523e-05,1.4653174336545,0,0.0234601085819567,0.00142928338080163,0,4.04698161995388e-05,0.027233702723149,6.46135125209955e-05,3.01220828454007e-05,0,0.000462927806603372,0,0.0547740734343682,0,9.95614488225277e-05,0.700984591770889,0,0.196427266191926,0.000932466760655108,0,10
0.969105720001775,0.0013107210696871,0.00038118388700727,0.303939183159061,0,0.0107292015846092,0.000171181682299665,0,0,5.77338433753234e-05,1.35609027641501,0,0.0223537848956103,0.00229288701113958,0,5.78207795265747e-05,0.0473254441407894,0.00010976197488968,2.1848262287065e-05,0,0.000312727934472224,0,0.120263445888442,0,0.000148718098241715,0.613423291451027,0,0.17645700970963,0.000724491976004485,0,10
0.93709889019601,0.00131715652865694,0.000331605603776299,0.260094901531324,0,0.0141996839802001,0.000164962978958868,0,0,8.09700011525228e-05,1.29316044408814,0,0.0219373702444198,0.00342534325265444,0,7.77514022165838e-05,0.0574503639638616,0.000157875099369113,1.8427929261274e-05,0,0.000240538855763193,0,0.20976970556915,0,0.000248022548032939,0.541287997738844,0,0.153942798615759,0.000658957909406543,0,10
0.921739850281246,0.00134883311613929,0.000318494436917913,0.225465932113079,0,0.0181043111554068,0.000168989554568524,0,0,9.91207919165827e-05,1.08699519202685,0,0.0224429615489358,0.00444693548811856,0,0.000108565876872493,0.0871493780559764,0.000224518964161931,1.69060325876616e-05,0,0.000196827426776561,0,0.37128946395756,0,0.000348256814502907,0.533895034598726,0,0.129985000373192,0.000653673743819623,0,10
0.971191287339782,0.00163401035785465,0.000315738006001411,0.194038969404556,0,0.0259773162880746,0.000191064225368955,0,0,0.000127874571360501,0.818273516457608,0,0.0207023593042499,0.00633133175585714,0,0.000154197548767669,0.124634511518028,0.000367021525919884,2.03724318782342e-05,0,0.000207026635540493,0,0.584402400586382,0,0.000550924697490222,0.482000418204431,0,0.107716936549593,0.000862514876740095,0,10
0.991580207416566,0.00238047187126324,0.000359438271669126,0.159860569525772,0,0.0395125205805082,0.000207140535976235,0,0,0.000178150492535832,0.537107148117112,0,0.0198852652409537,0.00848904096539974,0,0.00020108739772544,0.195786470888749,0.000565633721739194,2.59827120590656e-05,0,0.000242062937462462,0,0.696466910257001,0,0.00083112205564478,0.46432006257842,0,0.089402937360711,0.00114037898520489,0,10
0.950960244288209,0.00454092592136665,0.000437534478125479,0.110012001544905,0,0.0604960791179234,0.000248680846063442,0,0,0.000241558339492722,0.349867556345355,0,0.0176517670744,0.0111848939623772,0,0.000303301481508952,0.288816119378969,0.000612707004308034,3.91315227350772e-05,0,0.000363866270087008,0,0.693603075165789,0,0.00114778482404386,0.419478849238309,0,0.064760115176356,0.00186021790321264,0,10
0.862537926012856,0.00942485717625813,0.000570735479967304,0.0771741119044553,0,0.0835321176879364,0.000300614849646319,0,0,0.000317899820059724,0.225441950792556,0,0.0155087434819685,0.0130180978006427,0,0.000424879385159562,0.409969858434397,0.000734927531656313,6.9060274614723e-05,0,0.00056891745211495,0,0.52027689771523,0,0.00166710042713893,0.442217432416703,0,0.0421308316908407,0.00337337199241863,0,10
0.865724440363621,0.0196621784618766,0.000655575143237455,0.0342473442402818,0,0.0963755925914989,0.000335543151783364,0,0,0.000374468304390765,0.0797993772559189,0,0.0150258509029698,0.0142734089186266,0,0.000565427667453159,0.608467634283542,0.000823893960204875,0.000107093712280736,0,0.000939433159483136,0,0.255995873996822,0,0.00177000301082789,0.454192132274645,0,0.017094803692917,0.00662394075762565,0,10
0.827785077420911,0.0479389911549147,0.000467692090579083,0.00801075977750714,0,0.107643518416737,0.000399044829037594,0,0,0.000415019164181574,0.0171020128546817,0,0.0143703627536925,0.0115470531663577,0,0.000556283796364476,0.665510118972573,0.000777441003366767,0.000197725997783811,0,0.00153237881323981,0,0.0582408570474061,0,0.00128663122257266,0.452752610401284,0,0.0039893112092621,0.0137087634116385,0,10
0.838173121803528,0.101385718223373,0.000323387830000527,0.00231412288774818,0,0.101387936103857,0.00047956877035216,0,0,0.00032943365654972,0.00458564874530465,0,0.0136119936369066,0.00861192521213087,0,0.000489941376428791,0.556071024381978,0.000628167848149966,0.000391507400268212,0,0.0025109803414924,0,0.011656623640125,0,0.00102096165551571,0.527183749374631,0,0.00127240760328439,0.0230133903457468,0,10
0.808745623819145,0.198257497323176,0.000257395723594014,0.00122047901151007,0,0.0840778146997122,0.000508996208458949,0,0,0.00025814018818617,0.00241671251528482,0,0.0129683597327175,0.00682954634001294,0,0.00036711497212366,0.435297907302823,0.000459064659440975,0.000634551812764598,0,0.00403208970261837,0,0.00324130464909273,0,0.000772997274110993,0.564947264995373,0,0.00070954578008437,0.0336846891711317,0,10
0.824775776511062,0.373106633872326,0.000227598961802976,0.00088437158667181,0,0.073334712949196,0.000513638304043258,0,0,0.000202474275145198,0.00161248969863368,0,0.0126454574490342,0.00613188778518649,0,0.000306971094337438,0.366832987863266,0.00031749971157882,0.000985517491827547,0,0.00529284234079149,0,0.00136710726702306,0,0.000555642166256847,0.594596585113177,0,0.000485889678444134,0.0483566456794018,0,10
0.727282163492976,0.593201673101235,0.000196515437553937,0.000617505137694394,0,0.0765805500673526,0.000606283708407852,0,0,0.000197311325720699,0.00117902118568379,0,0.0117062216668504,0.00465068948734001,0,0.00026556683342561,0.313632027004709,0.000239237385993576,0.00134113151372073,0,0.00742827775132752,0,0.000735253672018939,0,0.000407225089655759,0.616040200235116,0,0.000363517180279213,0.063409430688132,0,10
0.745012758897112,0.828797036103957,0.000184716790764224,0.000547242923736457,0,0.0638957114204637,0.000673061617659195,0,0,0.000192537137026928,0.000951738581710539,0,0.0110012007874275,0.00399282407947675,0,0.00020520770651263,0.272831476207245,0.000176360881424157,0.00164288024071006,0,0.00739035214211328,0,0.000443279276879383,0,0.000296095813218343,0.607128958004924,0,0.000310528776001769,0.0796721160921875,0,10
0.756077695032915,1.08391175698222,0.000177161179398889,0.000469733991796049,0,0.0697131116988879,0.000806260449722556,0,0,0.000177961190785346,0.000708738870500283,0,0.00935514291808277,0.00295317990159738,0,0.000157448475231101,0.236173269469887,0.000142223984163945,0.00152095294994934,0,0.00799197782637476,0,0.000298887545429886,0,0.000221716736327765,0.727948139705717,0,0.000257909809028874,0.078552830663512,0,10
0.738438579561813,1.14643688984106,0.000178547966157242,0.00039382679791873,0,0.0656082347342911,0.000928371634865679,0,0,0.000165103912483313,0.000632502839435063,0,0.00838620357835644,0.00259473792584369,0,0.000112328649158162,0.203003920556012,0.000107219843276274,0.00141741740710692,0,0.00764621146203258,0,0.000219853191189819,0,0.000172008580937849,0.814103128710691,0,0.000210427171368435,0.072723201594873,0,10
0.762896966033169,1.34638558543636,0.000174244395539818,0.000359994108212651,0,0.0628865192992707,0.00122420684923123,0,0,0.000150456219468492,0.000529504299901018,0,0.00754649858868088,0.00225315955274408,0,8.61134153402944e-05,0.168697471739486,8.77689702869567e-05,0.00121697686299929,0,0.00548106037938332,0,0.000161262788080058,0,0.000138405054157451,0.801919468383516,0,0.00018832423324834,0.0687543578029304,0,10
0.701477877787059,1.38034217006052,0.000174753835663435,0.000312144448775714,0,0.0690013846685575,0.00148846998526234,0,0,0.00014059637255932,0.000480376832942494,0,0.00680432819489909,0.00182548577959066,0,7.23595214654794e-05,0.141646955324606,6.56605613753868e-05,0.00107450781354202,0,0.00471301036594406,0,0.000122065204997612,0,0.000114792678335487,0.915068465054972,0,0.000175071786383717,0.0571488027467709,0,10
0.693752242399004,1.36132803361184,0.000189263553988004,0.000288847945349866,0,0.0651238568712224,0.00195653029349635,0,0,0.000116399662331718,0.000467710292303998,0,0.00592207772633175,0.0014871889976147,0,6.18155019117182e-05,0.120070359115151,5.45879692163068e-05,0.00102803443975849,0,0.00387076330731902,0,9.44443174074902e-05,0,9.91831413570164e-05,0.930913872258768,0,0.000164736600088766,0.0492917184055259,0,10
0.687828683667986,1.40449738743649,0.000221153299533169,0.000287254162242585,0,0.0625274762731465,0.00262520696029301,0,0,9.95299173657065e-05,0.000503429385510954,0,0.00565829287227369,0.00134283868337572,0,4.94770288062574e-05,0.0966099687372556,4.57373797803513e-05,0.000890403286202402,0,0.00326757903635781,0,7.4077223162317e-05,0,7.76360582212967e-05,1.01246327174322,0,0.00017567662876401,0.0439601096209195,0,10
0.664978639747475,1.43462429723729,0.000225094187540837,0.000286997075301983,0,0.0583073519531035,0.00297075649355791,0,0,8.79326276270631e-05,0.000569908678890104,0,0.00540396168599876,0.00114020366663514,0,4.25265040658472e-05,0.0812759172238292,3.70050367471063e-05,0.000835031298945199,0,0.00279685772308899,0,5.97822342093074e-05,0,6.80390014933907e-05,1.09183639287198,0,0.000168914358448062,0.0368304591361703,0,10
0.664489620552444,1.25177307988781,0.000253488647090844,0.000349951341996493,0,0.0513447861677179,0.00283696233693977,0,0,7.78391652223388e-05,0.000656316893313625,0,0.00495582770416239,0.000987047382679419,0,3.2969448536551e-05,0.0607412649384669,3.14212578150676e-05,0.000757701703109574,0,0.00242142407253623,0,5.31059154670582e-05,0,6.0374476979165e-05,1.21182226786861,0,0.000190101547013693,0.0336417993332148,0,10
0.635843711635405,1.09978941947534,0.000297939533475387,0.000457521370983811,0,0.0425246924968775,0.00321370056610288,0,0,6.69207594061463e-05,0.000841012085623259,0,0.00457365279851703,0.000843586503380715,0,2.63646175817523e-05,0.0486903598588354,2.65162877308817e-05,0.000753407135783556,0,0.00265577334165464,0,4.46887955219687e-05,0,5.05461072376383e-05,1.36332574146146,0,0.000242696968312317,0.0278199520048317,0,10
0.628932267112198,0.947788374731701,0.00040781675294736,0.000648099700791905,0,0.0359850611495589,0.00366508513145765,0,0,5.59743884659925e-05,0.00123462838930251,0,0.00440409775004389,0.000641230791264088,0,1.9803415763992e-05,0.0346796144194675,2.28313506210171e-05,0.000750707444431002,0,0.00330708383963447,0,3.95080329151741e-05,0,3.94258458321087e-05,1.53757582565919,0,0.000319946128405368,0.0254829804127534,0,10
0.603796039974174,0.741100626903103,0.000652919549571924,0.000975015420315852,0,0.0308595751438032,0.00378997046343124,0,0,4.83051046074749e-05,0.0020131478259528,0,0.00446594048287413,0.000512185667818901,0,1.54803893831443e-05,0.0262194788054334,1.96912172704374e-05,0.000910288167459372,0,0.00367315663693736,0,3.7863373175461e-05,0,3.27952214453676e-05,1.74050571677684,0,0.000470628017696704,0.0260874817916003,0,10
0.566624377507375,0.615951968745103,0.00119972814520712,0.00167772542133853,0,0.0241242253580084,0.00406841295101879,0,0,4.21360535171869e-05,0.00343765418042104,0,0.00366545838115886,0.000457743956691961,0,1.17743483007248e-05,0.0190670261449348,1.64501376677193e-05,0.00101507830346057,0,0.00482338497964716,0,3.36284095681184e-05,0,2.81048678024213e-05,1.6194160652117,0,0.000804914987999295,0.0283993815593723,0,10
0.539306747047773,0.460528765360468,0.00219723791781072,0.00322663372300209,0,0.0171651785566837,0.00359633210872004,0,0,3.85646525604778e-05,0.00695627655004095,0,0.00344311831667359,0.00038019737959866,0,9.43506746267823e-06,0.0149709333008404,1.5407646026677e-05,0.00115281901730894,0,0.00701233721769407,0,2.85748522357035e-05,0,2.20731248664131e-05,1.76240417567841,0,0.0014545427878777,0.0303075123295187,0,10
0.548086273712849,0.332765057741669,0.00464714288979928,0.00601397037795809,0,0.011592597494225,0.00313095863723708,0,0,3.29008452794608e-05,0.0130136061746362,0,0.00360936749066329,0.000318701873210861,0,8.24278826428167e-06,0.00991074946217962,1.31144623976498e-05,0.00138883493967859,0,0.0104061367430547,0,2.57603275885415e-05,0,1.9961776889022e-05,1.74617717588441,0,0.00306627837566152,0.0319371134976305,0,10
0.567283419572264,0.217166268816706,0.00949355254815726,0.0124155446767192,0,0.00798681310312638,0.00264731481015551,0,0,2.83730203210028e-05,0.0319102662093572,0,0.00368929110604999,0.000242489937170376,0,6.7368353835214e-06,0.00675906966258029,1.16609065916369e-05,0.00153862328551534,0,0.017012193558547,0,2.76057830933749e-05,0,1.82747703599319e-05,1.69822826426136,0,0.00612813464337193,0.0335066822561581,0,10
0.547872162249336,0.150170824021558,0.019856980064511,0.0272245709926568,0,0.00614501035227908,0.00201247142508601,0,0,2.40797177030959e-05,0.0705862299644534,0,0.00338742251693576,0.000199764719836756,0,5.52067941099706e-06,0.00508802841945845,1.18038862627038e-05,0.00172633642231954,0,0.0273583413830296,0,3.0695656673468e-05,0,1.60383193256726e-05,1.60096627351976,0,0.013339650264326,0.0317367171457468,0,10
0.541875853712006,0.0926543575453707,0.0418732689128442,0.0602327231217868,0,0.00432796837167222,0.00137268590625366,0,0,1.99862691668727e-05,0.165572153499796,0,0.00396526975670224,0.00018529003625184,0,5.28493085698045e-06,0.00458694203192209,1.19126166516568e-05,0.00189349702217125,0,0.0371924191303686,0,4.01816084703994e-05,0,1.7292917902665e-05,1.51140236356533,0,0.0298854243646529,0.027152010897937,0,10
0.548050521548508,0.0552870474591714,0.0806994282148494,0.123582028515222,0,0.00382177582621035,0.00096810481837049,0,0,2.06612914257091e-05,0.336248994180363,0,0.00521374124728052,0.000184772792674753,0,5.46084171410506e-06,0.00499812583021964,2.0114118720701e-05,0.00176870827728108,0,0.0471795840761856,0,6.94183760226711e-05,0,2.20410123006485e-05,1.48201673910639,0,0.0602191121234901,0.0213273429893516,0,10
0.614020963987591,0.0378627174519635,0.126947640488457,0.212037459924051,0,0.00335300561580984,0.00074658770242003,0,0,2.49525533315341e-05,0.530387690834259,0,0.00807097857325568,0.000244109151186513,0,6.79163341577075e-06,0.00530954109810867,2.90675727780618e-05,0.0015198238189215,0,0.0450684850448742,0,0.000121728127217342,0,3.45898791188956e-05,1.2427772657654,0,0.107191880545788,0.0170477365211932,0,10
0.622528563910545,0.0266587371583754,0.173560753079601,0.316630733555106,0,0.00368331482874105,0.00067350515875055,0,0,2.90148687842505e-05,0.733216672292115,0,0.0110444246381519,0.000349520508376975,0,8.77885554323865e-06,0.00759276472624169,5.20387880589468e-05,0.00121813430718057,0,0.0373661702732378,0,0.00025117521175699,0,5.67023916695603e-05,1.01991800727251,0,0.145158922624771,0.0132839873849773,0,10
0.671094129610774,0.0175446929751271,0.187723416451946,0.362086558373667,0,0.00480316528242275,0.000600314162934026,0,0,3.200958069529e-05,0.889246937151243,0,0.0175699097024116,0.00048292155193818,0,1.29715796884117e-05,0.00981279180672877,7.51873075748817e-05,0.000838522369955492,0,0.0252439520583644,0,0.000612578149679211,0,9.14286482314865e-05,0.94370526602969,0,0.173006755575857,0.00894248637384495,0,10
0.636175056296909,0.010929199520411,0.197389132923959,0.395182182720093,0,0.00609452951163117,0.000633577473501995,0,0,4.4226263893267e-05,1.00488844765877,0,0.0302519661557265,0.000666328868656981,0,1.73936204624268e-05,0.012298408809038,0.000124113281522459,0.000521265218208239,0,0.01728346746192,0,0.0012929695719485,0,0.00016697815916868,0.838817459430279,0,0.186357343350785,0.00626450930007606,0,10
0.643692966657819,0.00624623448556658,0.174989093223556,0.44007151276515,0,0.00632166663180566,0.000555384691280747,0,0,6.09920282858883e-05,1.02308853797152,0,0.0482669431029712,0.000835888004583977,0,2.38210218901834e-05,0.0165463743882908,0.00022424916475401,0.000342203393867866,0,0.0110185082081731,0,0.00266811100264533,0,0.000296263657360531,0.820751461567761,0,0.196756907301471,0.00410576220128651,0,10
0.61510892960798,0.00435659698673454,0.0998508673782838,0.495461333188747,0,0.00780053057901381,0.000512899180841297,0,0,8.7823894891416e-05,1.09465483821808,0,0.0779555758599044,0.00120888174866989,0,3.47763173309196e-05,0.0208793128696598,0.00037584612414204,0.000235081310848912,0,0.00763939864588923,0,0.00523824499671363,0,0.00044206045940919,0.746926090628403,0,0.199074008712914,0.002818135487257,0,10
0.581578674274383,0.00348895268631125,0.0314402856778283,0.498694686439674,0,0.00953085176654393,0.000590312933955803,0,0,0.000120076829206375,1.18071589017607,0,0.101756968508536,0.00155655979086572,0,5.91963332217177e-05,0.0355524190207747,0.000639577484945474,0.00015873599951479,0,0.00561310726321554,0,0.00912542326458203,0,0.000774398350533778,0.636825861743293,0,0.18832476146107,0.00221138152814734,0,10
0.565980825145477,0.002745137863794,0.00653823156364095,0.491360150029247,0,0.0126187910924281,0.000629806510731999,0,0,0.000184547478121304,1.24007718908501,0,0.101982844465261,0.00201530793835863,0,8.79846450390442e-05,0.059303408681509,0.000948680516023554,0.000113079338614248,0,0.00421632266842323,0,0.0214863297031199,0,0.00118772224509425,0.58560386331917,0,0.184604134982239,0.0017072909946167,0,10
0.532820316044994,0.00221948797733388,0.00159018114534826,0.450465888182103,0,0.016633222162584,0.000728752363884451,0,0,0.000237855723278952,1.14241410316156,0,0.106273476154241,0.00282003587627895,0,0.000109464460821961,0.0828555235935258,0.00130296415592344,8.75533653023937e-05,0,0.00334983586559418,0,0.0454358515264455,0,0.00169774394306998,0.586577204568537,0,0.184903337661277,0.0012788237137674,0,10
0.56547515687468,0.00206505521691464,0.00045429796846373,0.441951798280271,0,0.0185081813771059,0.000739551894840169,0,0,0.000332723076401537,1.06534137417958,0,0.112613058661422,0.00394579373374611,0,0.000152048989400351,0.139249452418787,0.00176862973801564,7.88404356707626e-05,0,0.00263406270696661,0,0.0888252191202241,0,0.00232301871924281,0.546678844076626,0,0.190812305081257,0.00101809460291935,0,10
0.568006996011625,0.00204426748927268,0.000180880199750802,0.413820939656134,0,0.0220997096322911,0.000790701589526726,0,0,0.000491172599417971,0.947061200376952,0,0.112223347655621,0.00546768295017822,0,0.000237378719851215,0.194205817744018,0.00272266692099945,7.81033911764868e-05,0,0.00224869626262545,0,0.163840854871337,0,0.0034045586031656,0.543551887512762,0,0.185389817524783,0.00108531307003442,0,10
0.542544065626292,0.00258317314664503,0.000103434540887925,0.313501869016873,0,0.034878141155628,0.0010540635920527,0,0,0.000582774850389236,0.663121734578718,0,0.096761422080422,0.00671093940522398,0,0.000313470444607808,0.343716717561156,0.00447471495576996,8.60563076225797e-05,0,0.00237228925676378,0,0.274896599478446,0,0.00498551027895473,0.482813066095163,0,0.160784854808568,0.00127852138406762,0,10
0.536684560584482,0.00424871710735655,8.56626224258065e-05,0.180027762243504,0,0.0479666979587537,0.00116866576046773,0,0,0.000827266341380355,0.32568123805179,0,0.0877296759278793,0.0090653166935231,0,0.000432706157798922,0.572101733333908,0.00585735435643539,0.000113614654454552,0,0.00293818990153528,0,0.295911682315403,0,0.00764170955485495,0.481724747814541,0,0.108772019334372,0.0019110787817645,0,10
0.577231243107664,0.00833031851818526,6.2884881367873e-05,0.0425231685035868,0,0.0643252710066976,0.0015828799448236,0,0,0.00100993699038508,0.0677707065843307,0,0.0847569322678337,0.0105318139968696,0,0.000643894911839085,0.869379119449427,0.00753310154387895,0.0002072379738432,0,0.00521449542616922,0,0.131197409145243,0,0.0096472666333589,0.489105561759479,0,0.0278365264565417,0.00378606259130736,0,10
0.536685701643688,0.0201163714805989,3.35864376106396e-05,0.00357715965907164,0,0.0655647127873095,0.0018758877724021,0,0,0.000902961990573442,0.00494622326610199,0,0.0732611528511217,0.00974235124372855,0,0.000606965578368172,0.876967639897104,0.00550003444591764,0.000426522454353534,0,0.0098147496181943,0,0.0133318953037449,0,0.00757538435044563,0.525283615277743,0,0.00245261126232352,0.00791996931979581,0,10
0.570717126126528,0.0466219524919425,2.28638448443307e-05,0.00084660996470365,0,0.0606549569317435,0.0021405609153077,0,0,0.000775504878422051,0.00109659458252161,0,0.0620795626101332,0.00742778697194422,0,0.000507955327035218,0.7137051070015,0.00423002404832409,0.000905305904833493,0,0.0185948419610841,0,0.00250098063336211,0,0.00521879005467352,0.558145666762891,0,0.000596969597831766,0.0145883260888663,0,10
0.547360069512405,0.0932538076411983,1.96748752613122e-05,0.000444143379915122,0,0.0567425702828747,0.00259839221358194,0,0,0.000637938493155313,0.000571694229169924,0,0.0530415825733289,0.00548041516911449,0,0.000403232050720562,0.571192083454748,0.00302769367494309,0.00175075260381308,0,0.02797098782911,0,0.000800887754598427,0,0.00365178607247886,0.529921950209916,0,0.0003059050580875,0.0258449485086038,0,10
0.544999805327671,0.176704133051855,2.3020241554708e-05,0.000352146693656908,0,0.0508348966402734,0.00277864359671915,0,0,0.000599237813814061,0.000480400597617967,0,0.0496150293440304,0.00401721102682721,0,0.000318399545158157,0.430757979362914,0.00236747383709036,0.00289719334290287,0,0.0397718282347847,0,0.000389710526143284,0,0.00274925807922225,0.553967207105987,0,0.000243439210859729,0.0407638897453964,0,10
0.538996994373176,0.293062357944997,2.62331008039841e-05,0.000304871862165496,0,0.0506282893436906,0.00340347267734744,0,0,0.000503664552545147,0.000438766604356047,0,0.0443594315393338,0.00333407419690444,0,0.000259188889715397,0.341164399743995,0.00177461131544323,0.00454364321874983,0,0.0580217046169218,0,0.000223733583010499,0,0.00224658278276746,0.609829555315068,0,0.000242520951161499,0.0604663402898469,0,10
0.535036878520487,0.446828239114511,2.81663332122288e-05,0.000342008797634397,0,0.0496301727791896,0.00364456030216735,0,0,0.000457960189389756,0.000488484556876736,0,0.0413998408257494,0.00256979325646545,0,0.000199888096017248,0.251052898130432,0.0013812901014726,0.00597980119717441,0,0.0783012467353467,0,0.000157769758601871,0,0.00165751884873473,0.679313848451662,0,0.000276320896953419,0.0785541935383467,0,10
0.522716894124925,0.607086141142723,3.42177116409141e-05,0.000396214654750346,0,0.049030674284045,0.00478756687234716,0,0,0.000446468666728956,0.000557177168022745,0,0.0364698461329527,0.00209418148024587,0,0.000174530525876654,0.194972310838584,0.00112079284453348,0.00676981155282584,0,0.0975652630327629,0,0.000112040853028027,0,0.00123888802315481,0.673403103888659,0,0.000314664305730447,0.102654505480022,0,10
0.590673379578691,0.789741557835135,4.17169918776591e-05,0.000438834354938917,0,0.0545985058704528,0.00522659562185076,0,0,0.000463922908509157,0.000657294082947756,0,0.0347298945717,0.0017794976129246,0,0.000152647802494497,0.153314339330635,0.000874357137679159,0.00784810799984015,0,0.0962664861544618,0,8.82130387402456e-05,0,0.00101265202785187,0.822117122625334,0,0.000312190257604586,0.104376329568813,0,10
0.605776263066465,0.975906362077425,4.05085914935862e-05,0.000441920834791633,0,0.0538606456379973,0.00630474167338066,0,0,0.000452458385271414,0.000714509292350134,0,0.0343168898667402,0.00143362666061884,0,0.000123311236004193,0.130778795382337,0.000716639323820899,0.00767782393194775,0,0.0898116691648066,0,6.86948626357307e-05,0,0.000876117012338547,0.793589692403335,0,0.000335518350957746,0.112646793382788,0,10
0.59604131320822,1.10013461224636,4.27730246759483e-05,0.000495920612461043,0,0.0520506143999845,0.00814984650665994,0,0,0.000482209029303814,0.000862907883327992,0,0.0349838621719377,0.00114057622512455,0,0.000105008932975809,0.101896602945009,0.000543746756929739,0.00726315907233995,0,0.0711035644194835,0,5.65603978762814e-05,0,0.000696396903049614,0.88694288333747,0,0.000373225518152606,0.111534154585332,0,10
0.615348824396404,1.05338906355306,3.92940321502997e-05,0.000565526229851431,0,0.0545188825088128,0.0086636538096068,0,0,0.000504612145006891,0.000937626108329016,0,0.0339745626909732,0.000936730370118126,0,8.49724337836301e-05,0.0849749336113609,0.000416429718958176,0.00600779593591988,0,0.0592040125792877,0,5.03934600247885e-05,0,0.000541926766479979,0.993634015831718,0,0.000398913965619039,0.0959564181220494,0,10
0.61363829786441,1.06181624522672,3.84684843054178e-05,0.000609722022084285,0,0.0536918305473836,0.00919783591017131,0,0,0.00050052907607899,0.00119042213958027,0,0.0317674355248937,0.000801859060328142,0,7.63942502057699e-05,0.0709114196089063,0.000325701534250581,0.00561918132390603,0,0.0521593564787576,0,4.46704459279202e-05,0,0.000405302932712503,1.08906263282377,0,0.000445699282598036,0.0863638214248953,0,10
0.591025075903262,1.06156600397801,3.96441576609102e-05,0.000737148731904908,0,0.0532295095323283,0.0104519098505023,0,0,0.000453700027720516,0.00147215112135548,0,0.0334966752186579,0.00076358939581558,0,6.75114327424228e-05,0.0599630320304133,0.000245703914971943,0.00457466280016827,0,0.0474576503231222,0,3.32649982716594e-05,0,0.000307612685918662,1.13088683445362,0,0.000538404380688164,0.088029803647973,0,10
0.635552205654575,1.01601282248113,4.50440003376562e-05,0.00103187378110582,0,0.0527479138472126,0.0113773769764915,0,0,0.000452496950794781,0.00197220667468994,0,0.0309928438581853,0.000601795571523355,0,5.42053841748588e-05,0.0463977553244111,0.000214046112364073,0.00414029455178042,0,0.0417357174286307,0,2.91147992333568e-05,0,0.000270512049839844,1.20385090999272,0,0.000638082293303363,0.0812225180462649,0,10
0.61250270951491,0.959821850858089,5.64021251128481e-05,0.00137482034128223,0,0.0529792585803237,0.0120905353766835,0,0,0.000382168536725841,0.00255465984165985,0,0.0290952024618895,0.000528581432517816,0,4.32074823335288e-05,0.0388487946595913,0.000174960336216796,0.00440208133027337,0,0.0419672191960774,0,2.63159547607377e-05,0,0.000218880399347113,1.24344263990504,0,0.000821286852871702,0.0707425210245955,0,10
0.626580058873704,0.945607052676147,7.09416850899338e-05,0.00189893499019217,0,0.0498794448089491,0.0125601494777467,0,0,0.000350868321017867,0.00332315493725268,0,0.0254771845317918,0.000466159265256694,0,3.55681939618286e-05,0.0294020276920941,0.000139019720838518,0.00406227911108681,0,0.0400410141331853,0,2.30244636681787e-05,0,0.000175263682089564,1.23888530250819,0,0.00105555988925588,0.0703182158376542,0,10
0.658243030961679,0.946486496757232,9.12512910738404e-05,0.00239576308385461,0,0.0409217147300756,0.0142496358693824,0,0,0.000323482070836077,0.00490569255967004,0,0.0249352959044663,0.000418163600805133,0,3.12827182949473e-05,0.0234113416357934,0.000116329386331109,0.00368780215635991,0,0.0375007043701411,0,2.0044403097589e-05,0,0.000131722106480998,1.30635623750328,0,0.00159204050400795,0.0658936089505729,0,10
0.702360372735666,0.811953303044073,0.000118671670138338,0.00360893897078932,0,0.0334401628196307,0.0153267095622276,0,0,0.000273834686557144,0.00784492264735192,0,0.023338917703246,0.00031959688270031,0,2.47143641715527e-05,0.0197999209180098,0.000102834170604811,0.00331495646987034,0,0.0325155775937077,0,1.79021024922841e-05,0,0.000103529770646079,1.48171435430065,0,0.00226049254780579,0.0635500986655126,0,10
0.686572601347797,0.539458282359896,0.00017277420608708,0.00543105624527954,0,0.0259853521672548,0.0125671510939188,0,0,0.000251687580433232,0.0133487627134354,0,0.0234432511396154,0.000288791375597843,0,1.91088088507202e-05,0.0159457325866565,7.96522931148774e-05,0.0029876586653669,0,0.0331168101815077,0,1.59246043845451e-05,0,7.96012165095445e-05,1.8257290386455,0,0.00353850423820022,0.0553858183895467,0,10
0.674951144152788,0.335004290310831,0.000296524457186071,0.0101982319188847,0,0.0192126419131995,0.00964357006197278,0,0,0.000203568517600939,0.0270365815080305,0,0.0212605306561269,0.000231232261434253,0,1.53171587124899e-05,0.0114024511498661,6.70467906885531e-05,0.00270131051358265,0,0.0362210586188323,0,1.45029326574947e-05,0,6.50934228174235e-05,1.81169199149189,0,0.00639732260863783,0.0506740215770481,0,10
0.696335502703087,0.256934933826986,0.000493835130473258,0.0193412718056927,0,0.0123273654892312,0.00741995538609649,0,0,0.000168077299901626,0.052930790650798,0,0.0186816846586423,0.000201038416105184,0,1.26048791449753e-05,0.00889548339375675,5.65089699466801e-05,0.00246574756953665,0,0.0416746637480914,0,1.48738011950787e-05,0,5.61947016409117e-05,1.65711493273813,0,0.0127879021669294,0.0488683914861767,0,10
0.718750686212617,0.161929530090797,0.000909278299844004,0.0376764207257984,0,0.00946975471906992,0.0052474078202546,0,0,0.000141345845427023,0.116965468564913,0,0.0177275149310944,0.000167493962028418,0,1.14036433464672e-05,0.00753236063270714,5.43170134120988e-05,0.0020740090379732,0,0.0459044783998327,0,1.74508624061045e-05,0,5.76200856106168e-05,1.63863687803586,0,0.0252224267239429,0.0425874162541939,0,10
0.742988274078504,0.0935807057506255,0.0016635091203078,0.0715280125209729,0,0.00705175379794475,0.00342655360377628,0,0,0.00011426722567021,0.258738024506337,0,0.016919805508999,0.000162270054106966,0,1.13899874812438e-05,0.00688722720680408,6.22465351004967e-05,0.00173386390998737,0,0.0531101938845408,0,2.68266908517249e-05,0,6.49755184710784e-05,1.55964653785447,0,0.0497040926957146,0.0353685237324903,0,10
0.701274646843052,0.0802237627393907,0.00267442392331414,0.132299319451438,0,0.00642286158818067,0.00236922305123842,0,0,0.000114213084999655,0.506825758462531,0,0.0165304198701011,0.000198488455268886,0,1.33128607704792e-05,0.00749030713614824,8.64042718753691e-05,0.00151340252948196,0,0.0527372667180789,0,4.87702187039309e-05,0,8.14435167586156e-05,1.26017380966446,0,0.0960278127223709,0.0308424622889147,0,10
0.678162603101409,0.0474584232098768,0.00365955225530392,0.208825055224389,0,0.00596824277521755,0.00179580652347598,0,0,0.000117624377410488,0.8098502990002,0,0.0165532406203371,0.0002614528131001,0,1.91304931069675e-05,0.00888261389759176,0.000121990199113663,0.00112516507154221,0,0.0425700377866865,0,9.63871060442997e-05,0,0.000108402092739577,1.18537085655301,0,0.156209792130832,0.0235726164550819,0,10
0.649007970076401,0.0315668734853136,0.00378396883271695,0.258601668652895,0,0.00630735749888841,0.00159314056792439,0,0,0.000133834273721796,1.07669021599028,0,0.0151297123704363,0.000377780259169017,0,2.65538951994644e-05,0.0138259656203083,0.000186815315370535,0.000862035552926721,0,0.0329316213612355,0,0.000203359119132486,0,0.0001655327632383,0.954670608793701,0,0.189689129639801,0.0157864050300928,0,10
0.657711238486213,0.0197257358355952,0.00376222791013287,0.298908619433448,0,0.00712549516307893,0.00136617055025803,0,0,0.000151681363259677,1.17643715892856,0,0.013690116511481,0.000534138112296797,0,3.71250788297397e-05,0.0196601594642989,0.000328845770759989,0.000558169501717715,0,0.0229396404155667,0,0.000405732796043274,0,0.000257632938650257,0.90741884035303,0,0.221969683325592,0.00991850758812821,0,10
0.625783025903825,0.0121331576961685,0.00336877624009258,0.308597076253979,0,0.0074788065111183,0.00142018999087114,0,0,0.000200463648102985,1.2817272122191,0,0.0128442046568891,0.00084887378628432,0,4.93682530726589e-05,0.02978637608731,0.000456545891829186,0.000362565236072027,0,0.0151086553528714,0,0.00080321314810972,0,0.000411054332604054,0.864528817875426,0,0.236507274463341,0.0062365836146694,0,10
0.586888801524344,0.00835253945768668,0.00308947327830269,0.296080378812026,0,0.00895699083113271,0.00135061750417039,0,0,0.000243961397076415,1.31430216710197,0,0.0126591521918479,0.00131486102522013,0,7.19568865710171e-05,0.0339770815715109,0.000846444306902314,0.000236312933082645,0,0.0106082314165158,0,0.00177261385884549,0,0.000562456114639582,0.798238508022107,0,0.244827842771385,0.00397485257035575,0,10
0.535749305525356,0.005725567172716,0.00280564217241711,0.301075172706321,0,0.0112045926077455,0.00148025393024725,0,0,0.00030578731963283,1.32603180867058,0,0.0116905309345925,0.00169689948285365,0,9.55300125883498e-05,0.0483308234055944,0.00110145933842248,0.000168228017167743,0,0.00833440556344001,0,0.00370511110273737,0,0.000767409718802609,0.737594461430614,0,0.237757750894599,0.00290628763328172,0,10
0.480850733357711,0.00429074543206904,0.00268109715543312,0.298677550971106,0,0.0111806252016067,0.00160641884882589,0,0,0.000409335665794763,1.28639895311562,0,0.0111283962485877,0.00254863864955785,0,0.000151833764669354,0.0729439170843076,0.00159761066029496,0.000137682445846498,0,0.00637003932028588,0,0.0082551991022914,0,0.000887945618313325,0.658060404687855,0,0.22477580288179,0.00232897620130234,0,10
0.479722064609748,0.0040324990377438,0.00253209738349898,0.291606253549025,0,0.0139291430100142,0.00148052417955678,0,0,0.000474003582393519,1.23226859261056,0,0.0111570159211922,0.00342499307381464,0,0.00024016390426381,0.13429257584756,0.002407815322261,0.000109929030778609,0,0.00463499314004717,0,0.0171050153091813,0,0.00138349401826011,0.580364615999291,0,0.221342838467796,0.00235973109738199,0,10
0.483564612425882,0.00392854546765655,0.00237031501293059,0.269183206293533,0,0.0178211060584687,0.00166557033999402,0,0,0.00056760934149819,1.13099531803216,0,0.0106670147377336,0.00524746810480455,0,0.000354484600820484,0.222036781622174,0.00328802106576241,0.000102093008847511,0,0.00400551915143911,0,0.032324198940842,0,0.00197592174482888,0.548712797742672,0,0.200081599708737,0.00227640249411093,0,10
0.469645393525169,0.00420742155478482,0.00229516602464649,0.218737855338916,0,0.0224192103946017,0.00204522887744476,0,0,0.000698037080390126,0.980625012109014,0,0.00947444362521504,0.0084174551559835,0,0.000602332198237696,0.410190025087492,0.00486878906779624,9.84043275947636e-05,0,0.0040548002233615,0,0.0536113784929363,0,0.00352091609280465,0.523405789839614,0,0.180393768953245,0.00243541059096186,0,10
0.443349885384185,0.00494532542095005,0.00242201980299963,0.172053780525301,0,0.0256497794355946,0.00236475000182189,0,0,0.000879797999411994,0.748608567278404,0,0.00891416518585558,0.0115010495752954,0,0.000875643741710626,0.596217684327195,0.00804951863639199,0.000113462273544576,0,0.0043401881008671,0,0.0759465574510732,0,0.00551964247496905,0.547139072403405,0,0.143632387157859,0.00293587404932984,0,10
0.45948618393921,0.00873394870967068,0.00209126108075926,0.089041081560733,0,0.0318999179122179,0.00249230284883071,0,0,0.00109996031220098,0.320446273136557,0,0.0087043172079976,0.0154635589210664,0,0.00101217600873841,0.882997701577601,0.0122125967806278,0.000156610324913057,0,0.00624357786509193,0,0.0871097726209308,0,0.00776877078406168,0.610660720535803,0,0.0647025651004726,0.00475296797841574,0,10
0.450196837562873,0.0211227286268832,0.000690529684133619,0.00620694513503571,0,0.0331526106385663,0.00305901440943673,0,0,0.00102770560551291,0.0106421689966317,0,0.00847558103067791,0.0142810486865532,0,0.000896366934232648,1.04112336739324,0.0123962834818527,0.000312279050467084,0,0.0113377408214455,0,0.0151375012802843,0,0.00755228691600609,0.609373970702979,0,0.00419205496021141,0.0101722150723177,0,10
0.477160995790174,0.0500113943069172,0.000208613896366557,0.000845868022657215,0,0.0297279873660737,0.0032442173358611,0,0,0.000975550473245252,0.00111801171280166,0,0.0081243698788528,0.0122518095458327,0,0.000854965742482586,0.878019395102539,0.00911919938042223,0.000635691624423712,0,0.0219114406247084,0,0.00208030946287448,0,0.00575482184988416,0.662261816367515,0,0.000495602554900177,0.022308138929573,0,10
0.479134705557656,0.0919404593063755,0.00012759538861102,0.000366707741072605,0,0.0260498697533971,0.00371128103920928,0,0,0.000802843581672779,0.000455022026405182,0,0.00749322544599747,0.0102822655567693,0,0.000706654497148882,0.661514562998703,0.00676491709768275,0.00122245774030082,0,0.0392763777821959,0,0.000633668058785581,0,0.00426815961094425,0.681932895929164,0,0.000248931513683632,0.0457693910040628,0,10
0.492310497502389,0.190020599874913,0.000101034762893728,0.000246139539670081,0,0.025913835210463,0.00417310557264002,0,0,0.000736247195226337,0.000296392127081488,0,0.00724245892202999,0.00915622570159164,0,0.00058725854263064,0.524979280302818,0.00496367284364529,0.00211292577018574,0,0.0622910845211681,0,0.000277864522473176,0,0.00330477579014654,0.659020575242549,0,0.000163628225604646,0.0791181041787415,0,10
0.487301200322719,0.315265371567173,9.0458388361524e-05,0.000214904912190685,0,0.0252525181607613,0.00477093946868476,0,0,0.000720932593018687,0.000252378300766801,0,0.00660030191275836,0.0074285768796186,0,0.000498200532694653,0.419206219618172,0.003813637332297,0.00322420035561463,0,0.0897043575265543,0,0.000148766393210848,0,0.00261068268294446,0.724664903605505,0,0.000128147131947429,0.116195138418811,0,10
0.513082556251322,0.459376939529382,9.51055325175176e-05,0.000223119771734767,0,0.0289905963544959,0.00580838412727037,0,0,0.000752363368969488,0.000258762100678634,0,0.00556979309095087,0.0066602244679095,0,0.000386491489003786,0.309334480984966,0.00290164682226711,0.00417174579519098,0,0.118439328320653,0,9.29498740766867e-05,0,0.00200062191928711,0.78659359579176,0,0.000126471599435761,0.157216923594224,0,10
0.494945943208644,0.564876013935906,0.00010709172415222,0.00025436034022532,0,0.0319291257611153,0.00709034277859256,0,0,0.000914765509237807,0.000283716132938408,0,0.00513664647375421,0.0055104539979052,0,0.000306394860458538,0.231009253744371,0.00223192739706675,0.00521993789015925,0,0.129365815666126,0,6.4455520510794e-05,0,0.00170832468363201,0.797128474723703,0,0.000135988314386249,0.204747670162229,0,10
0.50549483544337,0.664351341695279,0.000110070704714083,0.000281190319597678,0,0.0355809357238516,0.00882519943019057,0,0,0.00103332117691495,0.000310921210053204,0,0.00504012403696493,0.00416275544757898,0,0.000259980513861984,0.17555707988605,0.0019803545434168,0.00634680734568783,0,0.132361532710618,0,4.84024778520705e-05,0,0.00133695728931236,0.811995309451485,0,0.000146818367389925,0.251758313303952,0,10
0.523939053546343,0.69005484786879,0.000125155750471957,0.00034308396091165,0,0.0387861028561217,0.0111025553730394,0,0,0.00122566537323417,0.000328003320765463,0,0.00446126209925847,0.00370491174676031,0,0.000230469951271349,0.140500708420724,0.00155836050173675,0.0064246325632794,0,0.134381636687256,0,3.85463441235396e-05,0,0.00117934085433764,0.847450765861767,0,0.000150713090405712,0.287568340569155,0,10
0.487427975001009,0.689743584545791,0.000141844602246678,0.00039082882789202,0,0.0441768432639752,0.0131203556114549,0,0,0.00156431357473297,0.000387610453266957,0,0.00419077886968845,0.00329901838123752,0,0.000198699535655176,0.120450359900817,0.00120459790086888,0.00677746236741649,0,0.153636196941712,0,3.0280117205596e-05,0,0.000883901114102625,0.93942789208242,0,0.000164279991496386,0.298243714933541,0,10
0.520119223155977,0.735052564332764,0.000177028710751865,0.000449210305455385,0,0.0515953734103141,0.0156062717157643,0,0,0.00195025954339586,0.000472466777329203,0,0.00369811016915863,0.00297985145563494,0,0.000173712851869903,0.0870314510437943,0.00101280762504226,0.00706768224623535,0,0.147485572308769,0,2.60115675708915e-05,0,0.0006927875917412,1.05250464471316,0,0.000195637898703256,0.264485233724433,0,10
0.541897494756199,0.755006232695444,0.000219385315800719,0.000604188353861627,0,0.0656446420301045,0.0162407040276862,0,0,0.0023819444708714,0.000620946906172465,0,0.00342472500354043,0.00239563605927428,0,0.00014606744467643,0.0723405801268247,0.000760494767971354,0.0072591303650491,0,0.1326865926547,0,2.23705945754732e-05,0,0.000546122337528926,1.11096526931009,0,0.000233473834776013,0.251572854248245,0,10
0.573308755624567,0.748850372953479,0.000285978471488562,0.000742537878604714,0,0.0760796946766165,0.0158500189833617,0,0,0.00282660380290614,0.000748168957163603,0,0.00297202846305399,0.00202659394474066,0,0.000116942333655909,0.0626108630048485,0.000593811411020433,0.0073331136511524,0,0.123728400881138,0,1.97343405720733e-05,0,0.000401195958570322,1.08544058163581,0,0.000299952700676264,0.239303204055685,0,10
0.631289129817082,0.727983225805291,0.000384125610597877,0.000825928157241323,0,0.0807540684564592,0.0152021160392355,0,0,0.00282171876993179,0.00102792630721053,0,0.00291103098350431,0.00172303046899599,0,9.27517294416153e-05,0.0500690265831762,0.000473505011232283,0.00735883914271269,0,0.106914784973797,0,1.64746632199925e-05,0,0.000327311486979906,1.13518734915678,0,0.000372863046470293,0.197457279095282,0,10
0.659944173088388,0.664791210900821,0.000567862094788873,0.00103811867142324,0,0.0826877542591301,0.0148105359443167,0,0,0.00259796784273744,0.00152799736255257,0,0.00286722472133271,0.00144171491527034,0,7.3679731941522e-05,0.0384355490727485,0.000371192382617835,0.00627149767399747,0,0.0898150849854696,0,1.42011767724629e-05,0,0.000241210985133862,1.21707275416211,0,0.000537884671999036,0.169513456542903,0,10
0.653941976999791,0.730496880689875,0.00081552420018363,0.00143466667664649,0,0.0822342097112704,0.0162407313911166,0,0,0.00238599036482511,0.00228409981932249,0,0.00275720264782037,0.00117583482257806,0,6.16566052579557e-05,0.0298810107107519,0.000269380055579379,0.00660470793063066,0,0.0822184650389727,0,1.25980034812906e-05,0,0.000190619968876413,1.1415450099251,0,0.00070334730465354,0.147945649279887,0,10
0.625450203969117,0.769011289530267,0.0011746269901091,0.00197743679599687,0,0.0832917455158408,0.0162337521265059,0,0,0.00244265941978614,0.00339590324992781,0,0.00261683706344358,0.000937135683073085,0,5.19175782254101e-05,0.0229679073494486,0.000221072486041047,0.00619534872481574,0,0.0848593452610445,0,1.06179335878557e-05,0,0.000156457771875973,1.31979475712376,0,0.00102380984004459,0.112087605865494,0,10
0.627081988978737,0.667627860754681,0.00198962931606935,0.00272942012560885,0,0.0721050307517337,0.0166504446874267,0,0,0.00213830198912574,0.00526752981067525,0,0.00255950830419837,0.000772897916851799,0,4.61595127026747e-05,0.0178272711413222,0.000188629186505993,0.00648024432106808,0,0.0872149427507334,0,9.03217774073082e-06,0,0.000130605890216562,1.39727925645504,0,0.00133150838547518,0.0931209598537677,0,10
0.644459175896767,0.597502833081467,0.00328652175572116,0.0040947279601028,0,0.0584895238895403,0.0172503441150994,0,0,0.00190212903027502,0.00815762876899431,0,0.00235073820198514,0.000681991366475537,0,3.48495069524387e-05,0.0147622261635609,0.000132808005680206,0.00585918223445564,0,0.0930643780851775,0,7.91510541282866e-06,0,0.000108019200321729,1.44964677864751,0,0.00191970048791089,0.0809553300678802,0,10
0.650698867905326,0.555563212346514,0.00571925975991618,0.0060851540282936,0,0.053658673738734,0.0158019224964269,0,0,0.00151383092108642,0.0129797841427489,0,0.0021685294926354,0.000572990990863042,0,3.16955691405148e-05,0.0116157276336525,0.000115163445653036,0.00637271595563001,0,0.0933971222087809,0,7.56386531951858e-06,0,9.04134148224532e-05,1.33227582865029,0,0.00290627719078859,0.0709845830015491,0,10
0.651129206985982,0.53635177296367,0.0103581225099474,0.00894890108372438,0,0.0513468884269821,0.0155136017147051,0,0,0.0012442522116056,0.0224082502221501,0,0.00225759762499014,0.000488677796520533,0,2.90936137962933e-05,0.0100425247631108,0.000101019844930084,0.00604380773220624,0,0.105175272814779,0,8.13838657416239e-06,0,7.89318481443607e-05,1.21496210949455,0,0.00438062139544943,0.0668341267642342,0,10
0.688146562497587,0.511775464206818,0.0166379040622632,0.0140389961263311,0,0.0457953519686553,0.0145279525957846,0,0,0.00116270561323924,0.0378823765342894,0,0.00239588645123552,0.000439899671378021,0,2.64725782601885e-05,0.00836426329224553,8.83917438167152e-05,0.00557666888895302,0,0.10402410158683,0,8.41975492659906e-06,0,7.88886004607168e-05,1.31079807627544,0,0.00628564916152988,0.0559426517249468,0,10
0.757312133720984,0.479415926214381,0.0283599685570229,0.0215552844173383,0,0.0380459178799937,0.0124765864182432,0,0,0.000960319370298573,0.0656550021270142,0,0.00289167370718045,0.00038350015267705,0,2.20046186871152e-05,0.00803387224836241,8.74720918032665e-05,0.00521691717871467,0,0.0913058580911594,0,9.27521617615616e-06,0,7.71054717406825e-05,1.23378646663105,0,0.0100488791701263,0.0569376887370507,0,10
0.807137626638423,0.468039970983715,0.0471710619937452,0.032990440611769,0,0.036881897994805,0.0107224780995385,0,0,0.000787388764222468,0.110298402822391,0,0.0036022675615941,0.000379412082578953,0,2.0259335183563e-05,0.00908995326101543,0.000100016107437083,0.00528627691068527,0,0.0784213415853559,0,1.02091535915286e-05,0,9.50861115704563e-05,1.10457718631672,0,0.0153573293700381,0.0672141284528168,0,10
0.799454541096001,0.380728111920746,0.0735608955955941,0.0482998404323334,0,0.0312127302946333,0.0101803110037198,0,0,0.00064677207441835,0.182221380180888,0,0.00491883805541804,0.000369209013501836,0,2.06160534050249e-05,0.0100277626356616,0.000137516745725963,0.00531568519124994,0,0.0665267571034849,0,1.67209023706171e-05,0,0.000112407670846648,1.1692994146247,0,0.0231286718208618,0.0636373877973588,0,10
0.799627482193886,0.31088240136509,0.112787546073506,0.0774505204039635,0,0.0243916273824419,0.00822249049419111,0,0,0.000575278869525218,0.305317978872229,0,0.00706985495507306,0.000377920302091859,0,2.02786212555954e-05,0.0127973991096342,0.000177416781642297,0.004236685087379,0,0.0526475657336212,0,2.65866133065199e-05,0,0.000143154756335052,1.21113475243527,0,0.0376804976290627,0.0616766740247275,0,10
0.862533208358815,0.197328155738396,0.170108106193903,0.112682824272975,0,0.0214929853724512,0.00569902969946638,0,0,0.000541480473183894,0.458824575717961,0,0.0109369632326721,0.000341380036494619,0,2.51304280655295e-05,0.0136935479271875,0.000253617693403488,0.0028394624887575,0,0.0363585759036679,0,5.03510693917264e-05,0,0.000198242089489385,1.29253403055701,0,0.0565223076399615,0.0471475429778015,0,10
0.962276066902536,0.116667452595977,0.221943447223446,0.145103120395928,0,0.021146083153277,0.00411460244162545,0,0,0.000435686073361925,0.654157409529331,0,0.0183961900338131,0.000390740013707924,0,2.94538993591556e-05,0.0166586905468159,0.000418818325244691,0.00177862929839763,0,0.0236340373835686,0,8.75227999367054e-05,0,0.000244166855563925,1.19507478968528,0,0.0789771503877602,0.0321032961119102,0,10
0.888485299496582,0.0593677982433936,0.257477241645063,0.169654058034043,0,0.018232494826272,0.00265274691978257,0,0,0.000394618766916054,0.884974385596563,0,0.0300191163027605,0.000480728614312707,0,3.35015526672953e-05,0.0202674975005767,0.000520535079413306,0.00105749897395823,0,0.0170671482521617,0,0.000185306509964286,0,0.000381737166492341,1.21502767085374,0,0.0921887930116043,0.0194171496627523,0,10
0.838816987245296,0.0336523891742964,0.245995196284053,0.191916392337536,0,0.0189544781501679,0.00189469918247684,0,0,0.000351510410333675,1.04301402041803,0,0.047116653709686,0.000548947508691892,0,3.48642183669081e-05,0.029361526598011,0.00059859864575659,0.000653545681799937,0,0.0112830911435652,0,0.000374433286389909,0,0.000575725175308403,1.11360743605774,0,0.100778619355268,0.0109357168858863,0,10
0.806490565052049,0.0199806556972133,0.213324581525675,0.204160919114581,0,0.0187365752502937,0.00135908216965005,0,0,0.000330916497612366,1.10558558790292,0,0.0833976899131055,0.000652639956533981,0,4.09672306603018e-05,0.0344812347563012,0.000856639837371344,0.000408065949427448,0,0.00724464288258445,0,0.000724053951837571,0,0.000771256475966323,1.03694047427044,0,0.116508210862155,0.00695393989462661,0,10
0.750775818879381,0.0134448938570257,0.107796305057174,0.22324569467162,0,0.0181412404478128,0.0011363587235305,0,0,0.000300322978887935,1.25809956313055,0,0.137112750762833,0.000855195483255129,0,5.24661226363937e-05,0.0428172274270936,0.00119839295028161,0.000267531477980287,0,0.00520947269595465,0,0.00150458843025233,0,0.00120399188752337,0.917650398303409,0,0.112774631468041,0.00494098882044147,0,10
0.749166194486983,0.0092294991951229,0.0146576324090891,0.23953097906598,0,0.0206772403771477,0.00102129696701239,0,0,0.000363912432950957,1.37935846505729,0,0.169444154970743,0.00104444909868562,0,6.17132409833632e-05,0.0626679229676111,0.00167977530077495,0.000197340296691857,0,0.00378460035321248,0,0.00314314937522019,0,0.00145008102174792,0.784546660379632,0,0.121733752075435,0.00375462433129787,0,10
0.698805135368354,0.00781894638968112,0.00151005907113805,0.263500642376358,0,0.021889986920559,0.000947456607741575,0,0,0.000399303044470132,1.42085705651496,0,0.162408257161307,0.0012629701010354,0,6.87143715013544e-05,0.0836298187826725,0.00270390558621765,0.000158561371446269,0,0.00267284320451732,0,0.00619960523834801,0,0.00283020198141023,0.746828095554551,0,0.11757669024822,0.00307951624618867,0,10
0.706256895465145,0.00601760496889128,0.00038635590776256,0.289643126098384,0,0.0234494347472459,0.000839735069933509,0,0,0.000514773342629495,1.3248775172472,0,0.142588785132722,0.00166071516076637,0,8.82300954894771e-05,0.10519637411601,0.00370614526912955,0.000122212716400949,0,0.00192551171968094,0,0.0131179769296381,0,0.00329474591799169,0.682671315224495,0,0.115885279925839,0.00238904705755355,0,10
0.634960070542468,0.00499318173465472,0.000119791318438624,0.285396548590753,0,0.0263711452045507,0.000856905006631776,0,0,0.000612629328639372,1.28484104199459,0,0.144457250973403,0.00226873161809228,0,0.000107736426029348,0.153970667783393,0.00512608458418614,0.000101147813090572,0,0.0016781703240571,0,0.0223511173370664,0,0.00457328252287009,0.709090825858854,0,0.109086563456683,0.00197996989726756,0,10
0.630785999890254,0.00494934644548645,6.3464652053701e-05,0.302500373647719,0,0.0333107653316908,0.000908279766703725,0,0,0.000715631121951327,1.12968329745558,0,0.131332086942089,0.00299762036058136,0,0.000139896282958585,0.204183015390457,0.0069088665767794,8.43720600058551e-05,0,0.00147352937367409,0,0.0431420213011108,0,0.00724924488124233,0.654989499416675,0,0.105505155771311,0.00174734463958384,0,10
0.619226610445175,0.00499513876954985,4.02384559515394e-05,0.268773559287703,0,0.0409726428869752,0.000853991507242109,0,0,0.000890919963843297,0.97301684530083,0,0.111144911318535,0.00371515742796468,0,0.000181582868867987,0.294422537871678,0.0089215393047052,8.95498032345121e-05,0,0.00137237903372352,0,0.0771282317316456,0,0.00946257411085163,0.674297216275418,0,0.101611526693148,0.00180879885221368,0,10
0.584832931650508,0.00604940312514181,3.40782700185339e-05,0.21329119474432,0,0.0500087945650711,0.000933088527834737,0,0,0.00110580027916975,0.663710411070222,0,0.0977351397282301,0.00456444701077996,0,0.00025369891029142,0.472387145218139,0.0125880897998454,0.000104177619937019,0,0.00168089833102185,0,0.120438526834062,0,0.0133169363813076,0.707850223017681,0,0.0854172626976783,0.00221435179838924,0,10
0.592005405874662,0.0101000108717632,2.5992326358142e-05,0.113949560918531,0,0.0605918457979432,0.00106091169385843,0,0,0.00134062682216253,0.281189105465603,0,0.100537277677301,0.00497140121145819,0,0.00028798229360285,0.691815819333309,0.0148972083402537,0.00015642249524013,0,0.00225180066737534,0,0.118466525809348,0,0.0157112484133257,0.812075921002084,0,0.0460131362778345,0.00338465047876242,0,10
0.593670663545147,0.0198703561375885,2.10729270851935e-05,0.0187579123818016,0,0.0657246804314945,0.00117665275296683,0,0,0.00136208044161592,0.03298712319731,0,0.0873152484084059,0.0046884506547462,0,0.000318858440594928,0.766270833256989,0.0151177698759572,0.000287309092431581,0,0.00379571705420593,0,0.0377676985739315,0,0.0147827321627566,0.784644297608638,0,0.00889590889031948,0.00559047997683924,0,10
0.578937693442942,0.0449694304606742,1.64994572546945e-05,0.00331320840814995,0,0.0535298810342356,0.001303380323842,0,0,0.00103760981673886,0.00454203168998143,0,0.0815745720159022,0.003786743485975,0,0.000279720589533085,0.62950351735554,0.00949504037356468,0.00052409306909613,0,0.00700752111566493,0,0.00669875597062173,0,0.00996358405120677,0.793186168665458,0,0.00175897686183173,0.0112754195613906,0,10
0.594622259982135,0.0909484309691516,1.34667014319057e-05,0.00121866854081701,0,0.0454843666106271,0.00158263518010493,0,0,0.000794877657739991,0.00155323330871788,0,0.0765544316170499,0.00315369022776467,0,0.000232715738769148,0.525230952498829,0.00653862719199455,0.000973341112839594,0,0.0113626554685095,0,0.00203407646994069,0,0.00692449145896731,0.769799218152809,0,0.000681805084598059,0.0206109890024995,0,10
0.555450120767127,0.184640747272794,1.46472928525766e-05,0.000718959402347909,0,0.0374926809632712,0.00191639714199585,0,0,0.000656122376112817,0.000969658481411488,0,0.0716380252912443,0.00270137352272285,0,0.000190485489339304,0.420425228388316,0.00500908409666065,0.0015828616865414,0,0.0182444146809446,0,0.000817620344577371,0,0.00509172260928131,0.723250079873959,0,0.000439111373535215,0.0364003158434862,0,10
0.534205360500422,0.290522207081043,1.73663767171914e-05,0.000644331448073175,0,0.0361134497621334,0.00192223852865172,0,0,0.000596537120557349,0.000894060136973817,0,0.0648135797032917,0.00211627728213917,0,0.000158752108501073,0.311958892482344,0.00385092659074444,0.00223809218722152,0,0.0279350203354829,0,0.000485750756287686,0,0.00350232375924555,0.785757676902287,0,0.000390345339084083,0.0578219962080343,0,10
0.574784626474268,0.438866590610054,1.8313860271008e-05,0.000673207106490396,0,0.0337152889075906,0.0021436783511228,0,0,0.000501345639538793,0.00084573933224562,0,0.0616798748578339,0.00194928080294122,0,0.000128948124480347,0.251366000909484,0.00283647722862739,0.00306008902484523,0,0.0354838420570204,0,0.000322189764697887,0,0.00240313339490645,0.778168399100427,0,0.000410591364752768,0.0892931344751772,0,10
0.56583495109867,0.592254211279055,2.04108057405647e-05,0.000752384817040167,0,0.0350587966332703,0.00240561596102973,0,0,0.000536143114421862,0.00102542425216931,0,0.0578881719929012,0.0016805010289171,0,0.000104165451259781,0.174356693618267,0.00217779897527407,0.00381940485576852,0,0.0447832143049688,0,0.000218098230729105,0,0.00191971481379192,0.749112439741101,0,0.000503713154319879,0.118044034748817,0,10
0.572673669829102,0.72353547627671,2.15458998767723e-05,0.00089680338342784,0,0.0338181283674411,0.00251232567958035,0,0,0.000567910437014001,0.00123200635309149,0,0.0543069090958927,0.00146533211408583,0,8.70489623167366e-05,0.127029388840635,0.00147719699911531,0.00411030098907207,0,0.0442162793536581,0,0.000182953046546508,0,0.00157391515065221,0.832176455026055,0,0.000591454381989068,0.124376306942194,0,10
0.500638326836875,0.889855144718978,2.33953485218946e-05,0.0010828855858183,0,0.0363586044707163,0.00284566160920991,0,0,0.000573646906670836,0.0014737012568408,0,0.0540559631610322,0.00129936349554026,0,7.18309699159747e-05,0.0960343827828566,0.00115953860045176,0.00466266354908451,0,0.0442245773750089,0,0.000150231446619872,0,0.00129712151308268,0.906626821992744,0,0.000692933953781307,0.132086718776863,0,10
0.504305007058221,0.961472149180128,2.31303587056693e-05,0.00126796309384019,0,0.0351851939775718,0.00352863028121034,0,0,0.000539215722716504,0.00169112484869789,0,0.0501663519088476,0.00119265329599742,0,6.02407715291691e-05,0.0809826813289381,0.000931870044820289,0.00481997636466389,0,0.0431659443998755,0,0.000130474765432272,0,0.00102559097502096,0.982858518643282,0,0.000842061059413874,0.136269017690722,0,10
0.506465833456719,0.944335630325752,2.77433384513171e-05,0.00158506461538914,0,0.0386786319794186,0.00405261881593318,0,0,0.000507983626568477,0.0020878602382431,0,0.044758122986649,0.00107407410915285,0,5.82040638214568e-05,0.0622267012757361,0.00075321486784104,0.00509631832102381,0,0.0414299436168934,0,0.000109417095837671,0,0.000905010095231076,1.03771916267555,0,0.000951545131083372,0.131932363565972,0,10
0.511070736051319,0.923270052507749,3.04283030645477e-05,0.00202575588194119,0,0.0401790335054268,0.00451393508931419,0,0,0.000490763784897782,0.00273537775043729,0,0.0449147200350529,0.000849371375035963,0,5.37358127987367e-05,0.0489742364136167,0.000563394082315763,0.00534893405647113,0,0.0438863917106916,0,8.90877207373038e-05,0,0.000741891106425214,1.09495694084963,0,0.00112241955176301,0.141251374787957,0,10
0.590829029893557,0.905558667574214,3.6630429043042e-05,0.00236984258995854,0,0.0414723348205475,0.00516803770842998,0,0,0.000471839643734372,0.00347020505780192,0,0.0423176348749379,0.000730442354242606,0,4.21551593887089e-05,0.0439898957855735,0.000422585680333109,0.00488448346538309,0,0.040594588512125,0,8.20848760465898e-05,0,0.000585302382722713,1.15214308708189,0,0.00151123426710953,0.143955202974132,0,10
0.62192167893182,0.949054231227587,4.21214292160683e-05,0.00316143678309552,0,0.040275503470292,0.00524885656008364,0,0,0.000530154928786013,0.0047974145951146,0,0.0377942454108533,0.000621443080941702,0,3.47967951081439e-05,0.0358758473796637,0.000341721520393569,0.00444236519097618,0,0.034330972298308,0,6.71985810230485e-05,0,0.0004771027097179,1.17833945905558,0,0.00193792337367318,0.149197327455382,0,10
0.649590086551313,0.876266580941649,4.83222870895561e-05,0.0041098133356667,0,0.0416687472776723,0.00609384824807406,0,0,0.000503273916367303,0.00651789167277326,0,0.0378625945117561,0.000519682000223735,0,3.04281820510006e-05,0.0302558583697189,0.000285752785248107,0.00401999381837406,0,0.0323152775480929,0,5.77518552337639e-05,0,0.000363216370655719,1.31258621306378,0,0.00278075910046061,0.139117620586831,0,10
0.651849123575479,0.773777874407372,6.33813660341854e-05,0.00563924474916438,0,0.0386162433681303,0.00695304175505144,0,0,0.000463313977305926,0.00960637149939499,0,0.0348528393775825,0.000451921854159047,0,2.55954325316279e-05,0.0233989074746753,0.000226027306848787,0.00387957129790261,0,0.0271981631871363,0,4.81038494562508e-05,0,0.000295896589229618,1.46224100286103,0,0.0040798583102673,0.132510043218166,0,10
0.592786274578183,0.802073832300271,8.28353803666393e-05,0.00765317963247087,0,0.0391117905721828,0.00665932791060028,0,0,0.000454100842526764,0.0151458407907564,0,0.0323875172707713,0.00039988922757296,0,2.34772069503853e-05,0.0206579093456825,0.000175719463402531,0.0036910991719192,0,0.0285920609971701,0,4.15110320102622e-05,0,0.000251554099795602,1.3192345224643,0,0.00600274034991217,0.140519153696338,0,10
0.591114921564892,0.711575251263308,0.000106562970748743,0.0104886942536211,0,0.0404670313752894,0.00791408209271848,0,0,0.000455516512681037,0.023637269013976,0,0.0328040175259095,0.000400399594245845,0,1.98521072960102e-05,0.0167589586546589,0.000144147186226139,0.00396488770996344,0,0.029938110483997,0,3.9576317800064e-05,0,0.000205078604596112,1.38997113569389,0,0.00839982239060931,0.128188527624468,0,10
0.596724560514722,0.599842327901357,0.000136035543535132,0.0158907641367258,0,0.0397080829175684,0.00824190675764237,0,0,0.00042128892384917,0.0357169621805031,0,0.0307010245003354,0.000370403175334191,0,1.83159521381781e-05,0.0146508226094672,0.000140560241303839,0.00376449399935479,0,0.0283102146700875,0,4.10833989617851e-05,0,0.000194753937015005,1.47055854154545,0,0.0127366001653276,0.124931292985874,0,10
0.646131096999875,0.517628011754078,0.000172803300198497,0.02836216928097,0,0.033685731930197,0.00683140432762129,0,0,0.000392577774920373,0.0585128944454513,0,0.0287874376863645,0.00036382912681665,0,1.63902546728865e-05,0.0146461348861112,0.000140283664285055,0.00330036029352299,0,0.028459845015709,0,4.24314299939606e-05,0,0.000197158102070893,1.50854802112139,0,0.019467839947555,0.110378109933112,0,10
0.63467781813445,0.379594882454823,0.000245851105834247,0.044061417263929,0,0.0269268124948951,0.00669776578028203,0,0,0.000363600154669003,0.0968817790460971,0,0.028124620920366,0.000347964170981333,0,1.62712952193639e-05,0.0150884343230916,0.000145532404171606,0.00307733256903638,0,0.0319731017380043,0,5.03989142206631e-05,0,0.000180741906964549,1.60697252063936,0,0.0300732941344518,0.0917894661786953,0,10
0.647505423276506,0.296519741161264,0.000390045229586415,0.0714403847853303,0,0.0266713019781084,0.00552694376052248,0,0,0.000380178014215747,0.166765876699399,0,0.0273520534652583,0.000352494045321877,0,1.76637422387299e-05,0.0150285292741017,0.00017045427664467,0.00281469528648112,0,0.0374638886055866,0,6.5441515035048e-05,0,0.000185209104056917,1.52625155513012,0,0.0480454120006075,0.0792009165049453,0,10
0.67108512897347,0.167830558353687,0.000539724505348093,0.129520860608172,0,0.0211888282688869,0.00405296109486335,0,0,0.000325122907180256,0.310518248606692,0,0.0262039877703881,0.00041905549062423,0,1.91122752204287e-05,0.0162437822683356,0.000241402761688428,0.00234563891149868,0,0.0391310278157928,0,0.000106038858542663,0,0.000220449891161395,1.58364500306438,0,0.0779264147102788,0.0543994767314822,0,10
0.730168545972481,0.102411062334015,0.000709946451807457,0.193464542995301,0,0.0182490587915934,0.00308073784044608,0,0,0.000327036313750177,0.512503532940428,0,0.0245501406286242,0.000465435493977422,0,2.17011551677095e-05,0.0177145888288662,0.000294299520040971,0.00182899940020015,0,0.0332937001295102,0,0.000170930398223335,0,0.000299074184225932,1.42696282556529,0,0.127446909272917,0.0389826625888119,0,10
0.705714221201257,0.0573382667472467,0.000830210659509802,0.276761715493807,0,0.0159866288031218,0.00240339381251381,0,0,0.000328482334527023,0.759091034497844,0,0.0246743455808317,0.000598994169267848,0,2.45545465655431e-05,0.0226506453048668,0.000384953539421985,0.00140535000809501,0,0.0271617966545134,0,0.000357149841270507,0,0.000398408741740858,1.28776724150092,0,0.169707459381719,0.0252639258501592,0,10
0.737401702638674,0.0302099227304545,0.000860366739969467,0.322284699969945,0,0.0152977340349989,0.00211081762359683,0,0,0.000370033036692369,1.04334607186864,0,0.0235630300064138,0.000849274451724429,0,3.38375270276848e-05,0.0283925521279549,0.000539356096817111,0.000779108243549788,0,0.019080234095626,0,0.000713248243185953,0,0.000620803432324133,1.18465562060647,0,0.211513245766337,0.0145413640756379,0,10
0.697573263199051,0.0151270505268658,0.00079778866534205,0.346198824131019,0,0.0143601526039834,0.0018530515940316,0,0,0.000443020061035406,1.15250756433798,0,0.0236344032843428,0.00122091517098536,0,4.3155900118839e-05,0.0306726168111637,0.00077252604027132,0.000492743389851306,0,0.0123245516514893,0,0.00142535379549403,0,0.000887288915246909,1.09729576639407,0,0.234019787722062,0.00880561212269253,0,10
0.7621565357152,0.00862714220300779,0.000692603943841297,0.332803811263808,0,0.0164358285519026,0.00164831163568321,0,0,0.000455336274962467,1.19919937176741,0,0.0224292512569525,0.00183157526283775,0,5.69762766177151e-05,0.0371700681596939,0.00116816329502319,0.00027754299219372,0,0.00769068077571833,0,0.0033307563089582,0,0.00106460749519988,1.0429203919156,0,0.257532118676655,0.00562873329387981,0,10
0.728045309951459,0.00577393611861036,0.000579635546964288,0.335698718620387,0,0.0188245722994332,0.00146687347052425,0,0,0.000512237819220546,1.25671616389504,0,0.0207865815331613,0.00221222049635896,0,9.14829273328708e-05,0.0564576379718003,0.00143295855179245,0.000165809493520688,0,0.00538523889398797,0,0.00866954794969489,0,0.00133603428579647,0.943331334532851,0,0.26647374013196,0.00411493260908104,0,10
0.786353851304308,0.00414127551489522,0.000516304129563565,0.322928330605604,0,0.0222211257334969,0.0012473331872086,0,0,0.000581728264610197,1.24401192629752,0,0.0184950327265068,0.00312118783754441,0,0.000117306468361766,0.0654936584517381,0.00208605668651574,0.000106959023371978,0,0.00367037161517918,0,0.0182304927154718,0,0.00192552203431534,0.871402660565147,0,0.256426001212652,0.00303921711437474,0,10
0.774832125718476,0.00294956681707469,0.00048340109545864,0.322664827089369,0,0.0258150842641305,0.00134544994654054,0,0,0.000707729715545241,1.22447152482114,0,0.016249615565799,0.00417794969472002,0,0.000147343940271732,0.0854477367420489,0.00301595061187789,7.83448916056449e-05,0,0.00236582160399266,0,0.0416832831541209,0,0.00268040855588671,0.850118418418392,0,0.247767761925153,0.00215745037502181,0,10
0.752699875074321,0.00243311560658024,0.00048869137406416,0.307566060139072,0,0.0276677925352875,0.00115194069074795,0,0,0.000776959801191418,1.15778757134031,0,0.0163134074711666,0.00639460979418786,0,0.000226840590650241,0.0937069591140439,0.00444111563355327,5.75578997319721e-05,0,0.00183494901053439,0,0.0789220814024739,0,0.00314699266541772,0.856155664960483,0,0.235078660535775,0.00169345485522274,0,10
0.727706187937973,0.00229157689460733,0.000451372739901812,0.276322107549516,0,0.0306227870428569,0.00102861451643186,0,0,0.0010014567182415,1.05511222773157,0,0.0148891358321159,0.00895225923253419,0,0.000283365338675651,0.120192440057091,0.00572652325279103,4.75373969490831e-05,0,0.00152301776603167,0,0.158540233376974,0,0.00415123587982809,0.8064692433256,0,0.214458408527961,0.00145313953459895,0,10
0.656936142147428,0.00227210775582371,0.000434284023345461,0.253856254452749,0,0.0367293066672411,0.00102903877265839,0,0,0.00125648623776692,0.962780356857301,0,0.013786235827898,0.0127219892763786,0,0.000406317537187317,0.168674864320353,0.00648970672585321,4.91254272671677e-05,0,0.00140537928175752,0,0.254954155497653,0,0.00526454073257341,0.811681140771903,0,0.177403615673851,0.00133060413838126,0,10
0.66261216528961,0.00266321919809385,0.000519882106808482,0.201422592748981,0,0.0473963409880745,0.00112530209354623,0,0,0.00138469380894314,0.718340628813144,0,0.0125050585698831,0.0162494284416686,0,0.000461131247737107,0.214122802407253,0.00756867153172653,5.10922635745607e-05,0,0.00152063304864496,0,0.382670660911991,0,0.00766795910147697,0.85390669536504,0,0.136656908710888,0.00136124327723165,0,10
0.650400580330939,0.00386757971237816,0.000580979447279287,0.156012792474284,0,0.0647404598102184,0.0010947313734365,0,0,0.00184840889743546,0.447674568992899,0,0.0121718719391143,0.0217505457880075,0,0.00060418030206257,0.274020232027499,0.00912388504779895,6.90209087953993e-05,0,0.00184328930960053,0,0.471906704441079,0,0.0109141290016672,0.79750148017636,0,0.0892022337266642,0.00193505219687573,0,10
0.648285992975975,0.00631296416273139,0.000672190995844952,0.0906512638185367,0,0.0743959722708112,0.00111356058318494,0,0,0.00216968107382961,0.215750929967008,0,0.0115958427574374,0.0226716297614639,0,0.000842409523621976,0.39911941065346,0.0102827291755194,0.000114562222887597,0,0.00263194497008594,0,0.402563971358,0,0.0131075923683996,0.727210021569222,0,0.0468768148467017,0.00307207363140131,0,10
0.605437188470223,0.0128941759452416,0.000726236050238692,0.0415957284421011,0,0.0958867479072017,0.00124229568685184,0,0,0.00264734144576422,0.0801331384428678,0,0.0108779331114644,0.0227139867032557,0,0.00107838271368839,0.482704240784228,0.0112542309976649,0.000199725953756896,0,0.00447819968054813,0,0.229144247409795,0,0.0124078312670348,0.750660196216931,0,0.0162327516984761,0.00570994577441055,0,10
0.670455311225533,0.0261443120385968,0.00059175572978331,0.0118773488410085,0,0.0998015689358067,0.00151409264571456,0,0,0.00263122919803683,0.0211432633771343,0,0.0100196161072127,0.0185094581013066,0,0.00127387609100608,0.527825916070622,0.00907183707555495,0.00035079977529789,0,0.0074629712814126,0,0.0625499956516045,0,0.00929070053794417,0.744686433963241,0,0.00444079181739264,0.00958194355630179,0,10
0.618832347804345,0.0539327538754632,0.000574902807414184,0.00555063537557064,0,0.0823351441197992,0.0015294032885988,0,0,0.00225566776776497,0.00946812974009616,0,0.00898127130840222,0.0146683720069845,0,0.00110578013827078,0.375760528105274,0.00644807539184275,0.000626016667896515,0,0.0122176069177149,0,0.0179486400891008,0,0.00656284059767058,0.78087816706931,0,0.00203963345409722,0.0153223676034801,0,10
0.611899584858549,0.0979457746077329,0.000614557724510663,0.00349798427722584,0,0.0681589960217376,0.00146773534644344,0,0,0.00178505450718994,0.00594029159610342,0,0.00812766904140111,0.0106466984604277,0,0.000907663554369903,0.286359522317042,0.00469760289472123,0.0012079182874249,0,0.0204692658099975,0,0.00752816974885854,0,0.00525370702041211,0.719844346889157,0,0.00142671239937276,0.0242469334203316,0,10
0.599366898495117,0.192235886380576,0.000749024655890109,0.00319277692408344,0,0.0585968231971041,0.00148190382609736,0,0,0.00158021450406181,0.00547905092920074,0,0.00734329566340378,0.00720470157532209,0,0.000726514039984195,0.222465917425632,0.00328153071638987,0.00186534950871251,0,0.0296541389343508,0,0.00410047521942043,0,0.00360734026231584,0.704086735139626,0,0.00132816615842363,0.0318895587469615,0,10
0.634292005153753,0.278299753164817,0.00101045055274703,0.00342778865458191,0,0.0483235073772592,0.00167388935999265,0,0,0.00125100925686858,0.00622300918007937,0,0.00737101483795307,0.0052438511739439,0,0.000575735589147236,0.168460764820544,0.00259443671369677,0.00279782992530702,0,0.0380265894464976,0,0.00244209234640328,0,0.00243341865788423,0.756371970223322,0,0.00150872012699441,0.0406355370637791,0,10
0.613274558586728,0.413454480448862,0.00124341145842106,0.00410523319575598,0,0.0412873569050576,0.00176436581821202,0,0,0.00108378780978586,0.00741370163610838,0,0.00699591748616263,0.0043604765648978,0,0.000468296696999452,0.138277007853466,0.00193021946904915,0.00367417240890259,0,0.0491611361088647,0,0.0017089787411734,0,0.00179897454096595,0.754776000469146,0,0.00177638897777833,0.0556995693286067,0,10
0.573450587682143,0.597248373134925,0.00158145323077235,0.00465234303723766,0,0.0392612785495748,0.00192739265716122,0,0,0.000936946410681736,0.00825938906392425,0,0.0063643390420013,0.00364025396632584,0,0.000392829188135115,0.117127996784023,0.00152989467137175,0.00432757493177348,0,0.0602668553290492,0,0.00131925372016873,0,0.00133701198695422,0.727266696784469,0,0.00213609002469425,0.0674010551886421,0,10
0.573731772053088,0.722105772955301,0.00185660270290544,0.00508062588450882,0,0.0395671767327079,0.00231291973136383,0,0,0.000823357583533411,0.00922491022074688,0,0.00645525618924218,0.00309983028639712,0,0.000331319594493895,0.0992079115017749,0.00123715047736664,0.00478620212803994,0,0.0660506415601461,0,0.00112269972959451,0,0.00105136228568776,0.74287233309149,0,0.00249958618354102,0.0781806485082671,0,10
0.549679243866783,0.827434966828661,0.00220178523671592,0.00596056331200614,0,0.034556034855354,0.00281908329830179,0,0,0.000796571100408863,0.0101373423532781,0,0.00619839885442536,0.00249995092039772,0,0.000275990262119765,0.092122451956393,0.000997575429510047,0.00569441517047437,0,0.0704443496623336,0,0.000886223839872526,0,0.00088904192690242,0.748085501112606,0,0.00281239710207555,0.0907034644253264,0,10
0.602433797287978,0.989048021513462,0.00239480576923861,0.00708756472847511,0,0.0327611256096743,0.00326749322946078,0,0,0.00077202400440261,0.0113994932026228,0,0.00623597165325528,0.00209442823176727,0,0.000250100508324284,0.0736811159041393,0.000778449816048093,0.00574092207818156,0,0.0634137519510541,0,0.000756998503836289,0,0.0007399477156124,0.876818550247291,0,0.00295140498391585,0.100843066512704,0,10
0.603381288760006,1.05391913739652,0.00239206681088031,0.00762352235547712,0,0.031568586185689,0.00412224232409054,0,0,0.000724460546175525,0.0121530551885545,0,0.00581614482962983,0.00165144396945839,0,0.000195402813955396,0.0623496787512027,0.000626720355456621,0.00502344714457747,0,0.0515781065920975,0,0.0006889322986898,0,0.000600693954768934,0.999607574580816,0,0.0031721029644545,0.101095689206111,0,10
0.608071479984942,1.02841715014476,0.00270546801887525,0.00794302737880598,0,0.0356721949233477,0.00469840778617922,0,0,0.000711177837282165,0.0133448004323879,0,0.00591385125979297,0.00150425853808149,0,0.000166487391548887,0.0573323724396937,0.000539679093955358,0.00444981050024838,0,0.0407577165979055,0,0.00058958354723727,0,0.000493713905328761,1.083613179091,0,0.00340057250212113,0.0962673695908238,0,10
0.575135680617336,1.03741277216479,0.0033864381853761,0.00905019146197728,0,0.0391008057060193,0.00575755150044279,0,0,0.000642581006015286,0.0163874639079542,0,0.00591498270142014,0.00133532714772246,0,0.000141678203764975,0.0459324055140769,0.000483267809643979,0.00429958588276585,0,0.0353157095482857,0,0.000562089598622757,0,0.00038951418399738,1.1130425872498,0,0.00372064236943641,0.0918633863132389,0,10
0.558870590827647,1.03879825835623,0.00403703305922086,0.010598596354942,0,0.0345075495470706,0.00649084529278388,0,0,0.000546208300920658,0.0170273390797411,0,0.00539600531443783,0.00102542142956478,0,0.000125991877541561,0.0427579924441525,0.000359148645924635,0.00400963695306334,0,0.0337985322066837,0,0.000475907552110499,0,0.000318732964469446,1.17768659408271,0,0.00403628840598305,0.0960244907282424,0,10
0.546233130546432,0.994925450333251,0.00492896925497079,0.0122667550889838,0,0.0319983500033319,0.0070061434929434,0,0,0.000532266145524811,0.0208732895653251,0,0.00552082595754138,0.000867868757195712,0,9.90407216164929e-05,0.038787936314651,0.000343328829991886,0.00383838467920389,0,0.033431698818643,0,0.000449882562882048,0,0.000277926940515172,1.31420091621859,0,0.00517960853850179,0.0989763329393435,0,10
0.50753290712557,0.878288737941908,0.0068115275115438,0.0139658045900143,0,0.030696508766968,0.0080715035469918,0,0,0.000561589565917838,0.0273440957481512,0,0.00517399613770395,0.000738538813839048,0,8.2712014885144e-05,0.0362682762803184,0.000317599071729105,0.00382022068674875,0,0.0315920996465136,0,0.000394430240759488,0,0.000227919506359788,1.33380596345739,0,0.00668718271976779,0.10507363604778,0,10
0.522361897489972,0.814830588922997,0.00899037488172284,0.0177217349969496,0,0.0289907003477044,0.00838235345318192,0,0,0.000531831934553435,0.037669859906984,0,0.00484171872320744,0.000718617935885783,0,6.93767491988045e-05,0.0301085720578945,0.000281546080499589,0.00391038149896598,0,0.0336848038804364,0,0.000405114873611821,0,0.000203428485568517,1.32128469443065,0,0.00844418558253123,0.104563288446059,0,10
0.564673284958136,0.677109279335206,0.0117462508252493,0.0241729311596759,0,0.0272610247862768,0.00791548674803868,0,0,0.000468881680450985,0.0505566480867856,0,0.00490279082675746,0.000616420661991582,0,6.73229539293459e-05,0.0281213410975893,0.00028726741676644,0.00360968380587738,0,0.0355869505500382,0,0.000394522167524948,0,0.000200820451548122,1.43815990868984,0,0.0120149401229598,0.108682727598661,0,10
0.585498853040658,0.621420513227749,0.0171688399418682,0.0314279781016867,0,0.0269667972527563,0.00881454182954882,0,0,0.000463238056775865,0.0765823968497634,0,0.00513909178481846,0.000577818047058697,0,5.76884988382046e-05,0.0261172935066162,0.000320537324621054,0.0037107176117495,0,0.0342395323330465,0,0.000471013743008961,0,0.000215491614165742,1.42552197398467,0,0.0169573611940396,0.10515579027939,0,10
0.569516849882066,0.535095553351081,0.0250813698149295,0.0453161273332885,0,0.025974404947742,0.00874656342266963,0,0,0.000430780258762631,0.12449561320372,0,0.00566945419509799,0.000549383641533751,0,5.08536711261366e-05,0.0241038795204923,0.000406174657384397,0.00362917077016444,0,0.0352711814204171,0,0.000575534996723438,0,0.000240430422341578,1.44343890734334,0,0.0260365804326656,0.106849475841151,0,10
0.570055212501966,0.375602188974688,0.0365962987860399,0.0719664543074053,0,0.0236848107779431,0.00793516416488685,0,0,0.000428436412886033,0.229452364552968,0,0.00541763481967949,0.00051096043971124,0,4.99669966974941e-05,0.0269098310152341,0.000431154232591719,0.00317760412925504,0,0.0358983274998157,0,0.000793811844437434,0,0.000284846435683301,1.57000872308594,0,0.0398407483939613,0.0938621170319155,0,10
0.55682061056955,0.196395000094521,0.0580352557851085,0.108839227738946,0,0.0210094109723331,0.00631531879051742,0,0,0.000402553615521807,0.389538273534186,0,0.00686084002875252,0.000558137361608812,0,5.32300049201556e-05,0.0253020212498204,0.000595208264650337,0.00255494275832467,0,0.0426257853470622,0,0.00131508868114729,0,0.000361914775108233,1.69798885838685,0,0.0648867061319304,0.0601001434571088,0,10
0.561014735935007,0.10503908886058,0.0902441792226344,0.17231470438801,0,0.016801159164393,0.0045791285619642,0,0,0.000400102368556732,0.563624943041624,0,0.00995986020076409,0.000606701390589409,0,6.12069941296523e-05,0.0278093420255835,0.000767370238977788,0.00193714095376786,0,0.0401026198119052,0,0.00203405475101674,0,0.000505198971429109,1.57785330409234,0,0.10306064574374,0.0379942813718778,0,10
0.552266708987952,0.0524688765841657,0.110580921403226,0.249662764225904,0,0.0159372137879022,0.00361399059070818,0,0,0.000419584606915455,0.731277186397433,0,0.0143549180291669,0.000793862512863199,0,7.58812250079625e-05,0.0291612416237618,0.000879439592500616,0.00130686560025394,0,0.0343586702635012,0,0.00395343130902988,0,0.000671525523573972,1.42720183816104,0,0.148773914174801,0.0202867720182355,0,10
0.525716329936204,0.0264089152646674,0.122083938782184,0.301771982099848,0,0.0135687605959393,0.00248031528997705,0,0,0.000452214453826246,0.911808796094693,0,0.0187077369511337,0.00101700618928975,0,9.27968015686092e-05,0.0353937619306372,0.0011604037017435,0.000845247427677112,0,0.0298688156377338,0,0.0076378687017147,0,0.000979020126110953,1.31964534895448,0,0.166637663528849,0.0127133283783801,0,10
0.490486518407049,0.0168107457973099,0.111793822227611,0.342561749951684,0,0.0138648920288389,0.00222027017432509,0,0,0.000524914731348292,1.02196079395956,0,0.0280272507962282,0.00138984335168441,0,0.000130836454355347,0.0483590928132734,0.00160894621807699,0.0006192328712456,0,0.021894558007734,0,0.0177692170224305,0,0.00130277926150703,1.071988624037,0,0.173607049073822,0.00847371913626668,0,10
0.508402692939846,0.0111247024220256,0.0921128509570983,0.334882535131968,0,0.0164192787844327,0.00191221853371889,0,0,0.000651470977817536,1.07175854818683,0,0.0417850083653967,0.00208312809715111,0,0.000191428098362848,0.0660732323166304,0.00223725861613157,0.000425734995677038,0,0.015615956107814,0,0.0382745444542302,0,0.00210634548588255,0.884775709067243,0,0.193747825074042,0.00681193207074802,0,10
0.504506662777913,0.00732905581489104,0.0534491479736535,0.337873109598068,0,0.0171318630809256,0.00181381072800836,0,0,0.000774838327388247,1.08684095549155,0,0.0555568337432355,0.00277886836895842,0,0.000255847091736928,0.0771792897157114,0.00282602090962395,0.000314923771574805,0,0.0126257630066847,0,0.0818502482892937,0,0.00307281642447553,0.830877945967477,0,0.180088707874383,0.00503466555721541,0,10
0.503753831604036,0.00638207473106846,0.0214573481750925,0.337206241958325,0,0.0176971262404448,0.00179102831532073,0,0,0.000873790673700349,1.00684415881881,0,0.0677251836922226,0.00440810431379199,0,0.000374394655930682,0.121112750775206,0.00455594557589101,0.000284598776464536,0,0.0099914017403648,0,0.141349034551475,0,0.00432897123254466,0.771146067146403,0,0.168421982736855,0.00399015899127792,0,10
0.498209360482532,0.00551798177467311,0.0092617474511149,0.307143741164204,0,0.0223430516928042,0.00167723395604837,0,0,0.00104966835655878,0.859416993490527,0,0.0634715234547551,0.00636005994860896,0,0.000545373774996996,0.146184268566067,0.00681252906418079,0.000246799478204547,0,0.00892868981435624,0,0.265635632312731,0,0.00492340654554117,0.726702493602366,0,0.159849192619812,0.00392479622775498,0,10
0.494049736432629,0.00610541961323133,0.00367839090130222,0.268152749085743,0,0.0318139445513908,0.0018393897954899,0,0,0.00121274280869511,0.713651650617909,0,0.0685043443396205,0.00916548510806916,0,0.000782227837704329,0.188019342198755,0.00998543220312812,0.000272048271395062,0,0.00928791551110686,0,0.374038806030897,0,0.00786473255716109,0.672236212500425,0,0.134195224145609,0.00452397897091918,0,10
0.499413724383711,0.00819446087542385,0.00179454857799487,0.202716967658217,0,0.0452323088698563,0.00211229900948397,0,0,0.0014692122614743,0.438002847360024,0,0.0676816040622059,0.0118756943584592,0,0.00116517064835979,0.282337415817951,0.0125298743310834,0.000332606774236119,0,0.0105166340366001,0,0.499860861715511,0,0.0114436718644741,0.633590257622917,0,0.0908374408149484,0.00642840956764187,0,10
0.45941605503079,0.0134991937589818,0.00126936718773938,0.13046082757989,0,0.0600946138291029,0.00250095266546178,0,0,0.0020294892104464,0.215258212366932,0,0.0581000949119255,0.0142340725396773,0,0.00149639059856856,0.4055835742208,0.0151970158120042,0.000511504413157467,0,0.0146349351052672,0,0.458817722524149,0,0.0155527597117097,0.677361836483223,0,0.0511556909040037,0.00999223020717648,0,10
0.512719726327244,0.0260260847067557,0.000784205724201494,0.0620576739307527,0,0.0789314094600035,0.0027546806843029,0,0,0.00240784952146404,0.0828100815788057,0,0.057043242722976,0.0160670942720032,0,0.00217822657480673,0.508344894520175,0.0158359400040445,0.000836241123285233,0,0.022464706266482,0,0.274919525824932,0,0.0153373664958452,0.677151508468138,0,0.0204420711535831,0.0165657485362623,0,10
0.532764442915916,0.0527665211107336,0.000450651565818635,0.0205873557019385,0,0.0816514848053712,0.00262696540773987,0,0,0.00259832410700897,0.0248451214820175,0,0.0561980656110425,0.0133063596444309,0,0.00246442213283103,0.505910442812486,0.0137455193352907,0.00147400505148426,0,0.0383388968825843,0,0.092902067902047,0,0.0131114688180355,0.698162253026386,0,0.00687492363550744,0.0286507512112304,0,10
0.513602782241774,0.102895795704486,0.000247272336202065,0.00663047733774663,0,0.0790660380803274,0.00277963952090763,0,0,0.00225082216982681,0.00862992908633951,0,0.0576292862371191,0.0109696668261874,0,0.00256878468420056,0.419565568728873,0.0103614032758289,0.00248118092359377,0,0.0624267161526704,0,0.0255794467183025,0,0.00900617732516819,0.726956785737755,0,0.00246474422089077,0.0447675581361854,0,10
0.576111452435812,0.173632566577346,0.000185988853274396,0.0032308751185668,0,0.0827956686166324,0.0028841724818864,0,0,0.00197315273259393,0.00449722564605918,0,0.0540342260588673,0.00800542801243993,0,0.00211167792416759,0.33605054079911,0.00693360646764971,0.00375549795267834,0,0.0907230741925715,0,0.0089377514492072,0,0.00658528585246783,0.73196508923258,0,0.00130762041003528,0.0614342967913694,0,10
0.570037959410911,0.277302614825203,0.000156677531411299,0.00230592745147239,0,0.0788651632795979,0.00355694959362846,0,0,0.00171145181356426,0.00347713372492856,0,0.0508508423216369,0.00553646742623406,0,0.00168592518399739,0.248990397164293,0.00523577308980019,0.00535208526731143,0,0.124902384408656,0,0.00416621893194679,0,0.00479154735224666,0.768319726712952,0,0.00116846664564341,0.0727356776581145,0,10
0.617908058268872,0.403050681671808,0.000134496510843032,0.00208896553285419,0,0.0786669386126799,0.00368827150919116,0,0,0.00153609715329108,0.00329227190496387,0,0.0474178378206726,0.00402459898634103,0,0.00124764219249387,0.202199370061397,0.00406804478362604,0.00613071956473443,0,0.150996840907403,0,0.00238144691431875,0,0.0035716343246377,0.794781249519642,0,0.00104329555142252,0.0807852751807008,0,10
0.686097654958189,0.571916239023384,0.000118322516462709,0.00186672913996702,0,0.0755426931691263,0.00430629622608193,0,0,0.00136702310009479,0.00327683807601886,0,0.0488096692791502,0.00317979616656832,0,0.000953136781688952,0.162469609151371,0.00290103778957202,0.00721162811385972,0,0.153799132361359,0,0.0014923713010875,0,0.0030440824056625,0.738424929647779,0,0.000932617918168963,0.0868350195547039,0,10
0.7243996843361,0.690158093189683,0.000117181102422536,0.00196396886850289,0,0.0753950982388658,0.00507725179270707,0,0,0.00139000740322782,0.00331357379679239,0,0.0420352605543947,0.00267078055612927,0,0.000790283761075836,0.134586456826049,0.00201280815746023,0.00712507101843721,0,0.133909209916206,0,0.00101812922061579,0,0.00228561938540377,0.758055142592556,0,0.000950039376295645,0.0823596823708861,0,10
0.794569312853405,0.792215825507955,0.000112624290080255,0.001875923217644,0,0.0741594749156474,0.00555149389803348,0,0,0.00126984875687419,0.00351869125071418,0,0.0409055136422407,0.00199166209491998,0,0.000591066289669737,0.108823045163643,0.00151260035188208,0.00668337581515666,0,0.104635523180325,0,0.000706601674658639,0,0.00166947061861499,0.83282631639753,0,0.000985179435776542,0.079681292656473,0,10
0.732310363941652,0.900858648693226,0.000126507388739235,0.00212195438981098,0,0.0710432473715789,0.00616285949487164,0,0,0.00121711042171512,0.00396091079323474,0,0.0387186925706981,0.00161553302177836,0,0.000457827105913144,0.0857088035572422,0.00122481691116273,0.00684530432951901,0,0.0874239870466401,0,0.000522505598014652,0,0.00135347132871938,0.841248482342281,0,0.00108905770303945,0.0739028926004935,0,10
0.740623587227528,1.01430912212924,0.000132937306742913,0.00217664794889493,0,0.0646628951354397,0.00652350922087274,0,0,0.000966569532818395,0.00447247552941057,0,0.0362156246728937,0.00137208259290294,0,0.00039814815364757,0.0710929452111276,0.000868311022528079,0.00617095295672531,0,0.0650470021784351,0,0.000385057863047358,0,0.00101888249370842,0.910990595885975,0,0.00113883880563799,0.0723051906429984,0,10
0.741041270073709,1.01509037434592,0.00012727139846486,0.00246260837932194,0,0.0636361669526655,0.00753786378315569,0,0,0.000783891265633284,0.00526849979595624,0,0.0332137480210264,0.00121834413810554,0,0.00029949622213122,0.0614156434265195,0.000644552297435075,0.00535237405019814,0,0.0487778975081053,0,0.000337078249566119,0,0.000778288412823966,0.955878201059542,0,0.00119196947994781,0.0717071966841354,0,10
0.734583171628719,1.13626556276272,0.000131903000348557,0.00285257079139147,0,0.0646482491303507,0.00775517159838207,0,0,0.000777439405773248,0.00612924127744559,0,0.030406207169257,0.00105181009483614,0,0.000229209908586234,0.0514874900234692,0.000480240941765599,0.0048934944622839,0,0.0376085822632064,0,0.00028302770501187,0,0.000631263268246612,0.945688079866391,0,0.00130787362074864,0.0662936614712703,0,10
0.760074314337385,1.23628528399656,0.000132722910621157,0.00296602928986475,0,0.0641030104162991,0.00728300531504347,0,0,0.000649331346705076,0.00744827809649431,0,0.0282573607119069,0.000869214693374483,0,0.000178713154088895,0.0443528715452978,0.000363840378500758,0.00431960366207582,0,0.0256306792888163,0,0.000241338957060109,0,0.000471258407434811,0.885053156172919,0,0.00143169943106458,0.0641103928460129,0,10
0.72437389201096,1.30872011197315,0.000139501536554945,0.00305008355522633,0,0.0589029656450048,0.00687193078304618,0,0,0.000610224742185875,0.00880156201444493,0,0.025820907818978,0.000738862054139809,0,0.00015316215201045,0.0378545716437587,0.00029819405180781,0.00369055362221939,0,0.0181650551359432,0,0.00018977995585522,0,0.000373453855246042,0.885821723563411,0,0.00152145975415985,0.0544505269020846,0,10
0.708492721541722,1.30558427914895,0.000149380802663641,0.00322051222206875,0,0.0555521136640085,0.00688376370726677,0,0,0.000551458582335783,0.00989136801160917,0,0.0247816054752678,0.000645626527565429,0,0.000122407249383087,0.0334029067410388,0.000251718423949717,0.00282580648605382,0,0.0145714246117355,0,0.000177170042473223,0,0.000310090025603076,0.943415365003302,0,0.0016174396195552,0.0464362242802994,0,10
0.693018253406081,1.34740940590111,0.000146706353693692,0.00344943135124944,0,0.055016615909785,0.00773182124108397,0,0,0.000474948596929098,0.0121355811240701,0,0.0247087562622865,0.000557962917688007,0,0.00010733799223361,0.0303897231577123,0.00020416408484657,0.00242024118328619,0,0.0110200282488123,0,0.000144029406847525,0,0.000254883491328601,0.921735064849596,0,0.00167371187362013,0.0417528450358798,0,10
0.682769108068243,1.31171718925617,0.000146553147743227,0.00379169823600161,0,0.0482687868766783,0.00792935151366915,0,0,0.000382451704015367,0.0147579608769505,0,0.0229536388439507,0.000468947048212643,0,8.61604529314022e-05,0.0262631426355779,0.000179257449827108,0.00200305872889105,0,0.00934774987279792,0,0.000122040229001389,0,0.000224800968297929,1.11009438220014,0,0.00197961242168364,0.0404203418610526,0,10
0.666603347846139,1.29801997201941,0.000154453901771218,0.00386237179800129,0,0.0430134716901887,0.00834987012556178,0,0,0.000358359549626069,0.0174544242354155,0,0.0217067226550879,0.00039988888089526,0,7.05601810796795e-05,0.0233859154322605,0.000154750378931438,0.00189510647638691,0,0.00833381248969408,0,0.000104816318090532,0,0.000195449924187803,1.24255148573969,0,0.00210954472101265,0.0394733141549712,0,10
0.708959147092194,1.08845768351753,0.00017468551395765,0.00460742261809808,0,0.0387707905908356,0.00745899590186232,0,0,0.000303601248834243,0.0231524700483958,0,0.0186907726034172,0.00036921850567761,0,6.2164646765235e-05,0.0200052195547219,0.000132693704559891,0.00163518707976793,0,0.00733982093858963,0,9.046659657863e-05,0,0.000174901805719731,1.40499610149213,0,0.00250865163592554,0.0407293487330273,0,10
0.669205659929079,0.88580593786561,0.00023174181024769,0.00611936790115235,0,0.0310749714512041,0.0071698359886395,0,0,0.000238077225617817,0.0345936763802157,0,0.0176321570251454,0.000314589506806598,0,4.74495913813064e-05,0.0178708266823937,0.000109193093480285,0.00156009011647994,0,0.00770098313788381,0,8.93014200322498e-05,0,0.000154880858858676,1.61270203926148,0,0.00352929120414028,0.038803601687422,0,10
0.616241326623967,0.732493414556941,0.000345903975378153,0.00891809990660025,0,0.0265427116518103,0.00676973990604712,0,0,0.000192807901065535,0.0535085719745029,0,0.0166422074061009,0.00026165399450844,0,3.93814365017399e-05,0.0148742559393002,0.000105621395970089,0.00157533864195757,0,0.00892692603105563,0,9.9898621265769e-05,0,0.000129480659291895,1.68630556461022,0,0.00593420186309297,0.0371392984251704,0,10
0.604037637466366,0.5415426264035,0.000554911486177832,0.014905607553003,0,0.0205897745462719,0.00659836397710588,0,0,0.000171777633451026,0.0910806811736861,0,0.0147622693742949,0.000213574350843013,0,3.44621005110193e-05,0.0123028039870622,0.000104144491633782,0.00169075540324889,0,0.0115776625001007,0,0.000116989251827851,0,0.000121710197136121,1.79777169651205,0,0.0101866352185997,0.0334892358017426,0,10
0.583582505907744,0.334599123146858,0.000897070642779448,0.0256073089460174,0,0.0162863417147733,0.00520778284768484,0,0,0.000147749339006057,0.170660144917466,0,0.0146250306160818,0.000185210536174599,0,2.81288018245712e-05,0.0126634618440881,0.000116386601097773,0.00173201501378424,0,0.0142568495768209,0,0.000152777429185752,0,0.000146395618238645,1.8178512628441,0,0.0170225829163307,0.0312503207669335,0,10
0.57853990899426,0.206492031624684,0.00137039335233453,0.0473836289098615,0,0.0120318269122963,0.00427319502134029,0,0,0.000135861238184973,0.330763022694923,0,0.0139512886793089,0.000164246354514804,0,2.78598536691882e-05,0.0129633642332996,0.000132037588244664,0.00163129625990162,0,0.0178207398375273,0,0.000232977920449992,0,0.000174948313760655,1.63082385863512,0,0.0327742862369252,0.0283628067844028,0,10
0.517696259093792,0.113574610459844,0.00240412587990837,0.0867655888916507,0,0.0102783203107449,0.00318336875329481,0,0,0.000116822228906296,0.606792776794365,0,0.0120363852695627,0.000164432970250505,0,3.02024786331111e-05,0.0124932054470113,0.00016854505477708,0.00136672703905363,0,0.0212450099565915,0,0.000378462201586086,0,0.000224532687228976,1.57562770066189,0,0.0579249988287887,0.0198765874194566,0,10
0.523880420640077,0.0614826412112149,0.00331750411018623,0.121239393319018,0,0.00826816768112681,0.002441901746857,0,0,0.000124514014360287,0.938488076263203,0,0.0119841725807325,0.000196757597447063,0,3.06386030801865e-05,0.0128720431638913,0.00025397616872206,0.00113266649745121,0,0.0210820051709556,0,0.000727051086089367,0,0.000329415064123268,1.38291686431674,0,0.0912146385366007,0.0141217904770208,0,10
0.503530485294273,0.0305376571088326,0.00377344633153443,0.161957979488738,0,0.00706834128617048,0.00196722527127869,0,0,0.000136594318726243,1.26157250133054,0,0.012200225065544,0.000217518742047412,0,4.38131511519953e-05,0.0208021061612931,0.000425626765978992,0.000746510403505704,0,0.0182394586244546,0,0.00160986730710356,0,0.000426549735364786,1.32002230072092,0,0.121528886179819,0.00849262076784131,0,10
0.522259139755911,0.0150069846072101,0.00363201501528308,0.183221121629649,0,0.00542685428412151,0.00149985566882283,0,0,0.000153766792479807,1.42074622466408,0,0.0107851490596521,0.000264492315503892,0,6.04354037831437e-05,0.0254500796999197,0.000581838765530847,0.000426743166663475,0,0.0141724603988485,0,0.00330471254790457,0,0.000581437609314138,1.28231256315404,0,0.136107498342533,0.00474316247089477,0,10
0.505179556740908,0.00805886234035539,0.00330820685325266,0.177248933462952,0,0.00520736867479839,0.00133511948202454,0,0,0.000170116545476439,1.6363511879742,0,0.0103440828386659,0.000353152058236731,0,7.0221121623349e-05,0.0308318816843762,0.000833185555267326,0.000248102477115117,0,0.0110899462365197,0,0.00617714513271152,0,0.000855224288661354,1.09965141201018,0,0.127301859562368,0.0028512130253567,0,10
0.465269845597143,0.00423352428990436,0.00296394309509265,0.174387085506643,0,0.00576923121002449,0.00129491961024409,0,0,0.000177234868985498,1.6573157001105,0,0.0100883689650354,0.000430420258181673,0,8.86773370195546e-05,0.0465203332079435,0.00134032556892503,0.000164749716056203,0,0.00815354882459062,0,0.010617715516932,0,0.00129148286441183,1.0574021116024,0,0.115873175542219,0.00178789179883763,0,10
0.454725134064449,0.00295141145411412,0.00277259504955813,0.170104714938615,0,0.00631584842851809,0.00110620461742518,0,0,0.000207799685007095,1.54391800270554,0,0.00903836312413943,0.000564440232449844,0,0.000109882766996074,0.0572282061138461,0.00205727145885838,0.000114986520030727,0,0.00612190957106225,0,0.0201503799070005,0,0.0017375217584448,0.921610259821298,0,0.115970179219485,0.00130609571193037,0,10
0.455503944287811,0.00223384858403698,0.00228891648617164,0.172364123428481,0,0.00627201726784904,0.000888815743565481,0,0,0.000221294138894813,1.52206075356541,0,0.00796362756253315,0.000769378766197539,0,0.000131066089717281,0.0884342298580687,0.00280314592086682,9.44951956262765e-05,0,0.00510617159164127,0,0.0471459658942389,0,0.00244950047081154,0.813980175351183,0,0.118874679746765,0.00105869964969276,0,10
0.415727796200124,0.00182741664704613,0.00241699648934154,0.164174263527174,0,0.00666117879287296,0.000795302456692688,0,0,0.000250562529385644,1.30315467401972,0,0.00723289042306451,0.00109000561500315,0,0.000167701935435977,0.140839530034452,0.00402522979314456,8.62654303498013e-05,0,0.00482050378533929,0,0.0995851349039422,0,0.00379190243935693,0.810178513705311,0,0.126606032754264,0.000854058681402379,0,10
0.418256858569346,0.00181557449621232,0.00253354147974459,0.153224234590227,0,0.00793833442520625,0.000816966728776444,0,0,0.000322199003936157,1.24602150612289,0,0.00634569274840547,0.00150199252734511,0,0.000252014358091872,0.224479054630996,0.00551604857579683,8.71581694331064e-05,0,0.00438461459280811,0,0.161631925292075,0,0.0054981328655729,0.770517470139476,0,0.123729305477609,0.000810708980210835,0,10
0.395234355716064,0.00201919295410731,0.00277800968471647,0.136091984280604,0,0.0107584847959487,0.000868315604096687,0,0,0.000366058033177706,0.921577452602348,0,0.00607712575677552,0.00191375839357745,0,0.000360253226240819,0.307860447272361,0.00847711453722454,9.84090199156576e-05,0,0.00467738263282221,0,0.275716199727412,0,0.00832128980911688,0.757695347191729,0,0.1136899558442,0.000884775907271026,0,10
0.367575248502485,0.00275915710025605,0.00323399622159269,0.105335038036022,0,0.013097540039322,0.00112017017805325,0,0,0.000488193548022704,0.550810018425687,0,0.0055662169235379,0.00252348667723104,0,0.000504954590439436,0.391237535745988,0.0119668499454461,0.000136619735392203,0,0.00625049017392602,0,0.346580679788784,0,0.0129800952097065,0.794872789229998,0,0.0882223682395849,0.00120250067352427,0,10
0.384879378240431,0.00484142811924477,0.0034036012270037,0.0729045332318591,0,0.0193897009879921,0.00141343483027639,0,0,0.000677309369162485,0.231448873000868,0,0.00490868542147084,0.00297335013409168,0,0.000693937295048579,0.45525758991376,0.0142689778036474,0.000226973163718377,0,0.0107662436445586,0,0.362992038288755,0,0.0169179327819892,0.770900702856501,0,0.0582297731476484,0.00221933469079432,0,10
0.406855737435571,0.0101896293496644,0.0026924834422718,0.0383253777545018,0,0.020949427296065,0.00154003750668073,0,0,0.000818667213308619,0.0755141874540333,0,0.00466221738679352,0.0032101668193812,0,0.000842613616607711,0.523127626719937,0.0132086653521871,0.000428985073921424,0,0.0183108198452253,0,0.201526012585758,0,0.0161250803916871,0.785687036446341,0,0.0282890971098379,0.00489810761027283,0,10
0.392308063872277,0.0215373334022708,0.00177005335353584,0.014233170353202,0,0.0200477483853774,0.00203906677344357,0,0,0.000822817687842636,0.0219499370744728,0,0.00426920418839356,0.00298639730233626,0,0.000948606362134247,0.489782314028758,0.0115668942999647,0.00081010474932951,0,0.0354979984316259,0,0.0654472081079883,0,0.0137482771094931,0.834749892473302,0,0.00996991982591456,0.0102075380093841,0,10
0.36370122742177,0.0383580975128064,0.00116429900286901,0.00546254819394322,0,0.018399589193859,0.00225071202929157,0,0,0.000669004060203213,0.0073633734390808,0,0.00402237761230407,0.0025261679399185,0,0.000915316815006606,0.411096006925512,0.00874363255801839,0.00151714549610842,0,0.0744253278842472,0,0.0193153150534997,0,0.0108015650707588,0.856353296962849,0,0.00387839947658057,0.0188463703884408,0,10
0.358940649508476,0.0665736777308943,0.00116440738330509,0.00393692849730439,0,0.0158389376895044,0.00234015732430682,0,0,0.000528083143805365,0.00513225963146983,0,0.00404968084517126,0.00190896893842189,0,0.000786413298081307,0.28818985256805,0.0063869207730306,0.00264045521626351,0,0.150000488138417,0,0.00861301155429763,0,0.00805102266648286,0.801056157570045,0,0.00270738977158418,0.0314032874356938,0,10
0.393581144074773,0.0984832531247298,0.00131870250008005,0.00351398532615289,0,0.0144837673922289,0.0022580306978,0,0,0.000493048543119459,0.00444694511009117,0,0.00409513559211276,0.00170132896003465,0,0.000661929784270455,0.199865061980519,0.00477658211796064,0.00451852316419856,0,0.25474569309153,0,0.00498671792203199,0,0.00598638719463099,0.801242594863474,0,0.00241389005382019,0.0501919121482403,0,10
0.391618778728639,0.141764250158839,0.00148947437866976,0.00391715093001217,0,0.0126806331135285,0.00240041142669895,0,0,0.000489986654511893,0.00434635192411256,0,0.0038621471760637,0.00161986208242715,0,0.000593634056225407,0.152066306686175,0.00386986252025826,0.00729356149644458,0,0.422686129126927,0,0.00339192604909779,0,0.0050142996149736,0.705572175191131,0,0.00262266850708724,0.0606512202264126,0,10
0.402885490116809,0.177621410365848,0.00167884144226749,0.00423116052298011,0,0.0119960619492491,0.00260966194114269,0,0,0.000487997858419944,0.00455329520543603,0,0.00354973572296729,0.00132274844267784,0,0.000555405590074163,0.125762733244425,0.0030204986188485,0.00951750491844536,0,0.614256058532624,0,0.00247769445590546,0,0.00402393971305457,0.644061859087445,0,0.00281517774987981,0.0734921074863342,0,10
0.456155467662048,0.17628128472671,0.00195359538775918,0.0043887236212517,0,0.0119819711640825,0.00274478407208008,0,0,0.000497257782149251,0.00471566302424723,0,0.00336164344124593,0.0012593642936474,0,0.000428463852969565,0.0914961395063443,0.00254864492638263,0.0109181940694551,0,0.823484267885459,0,0.001871225955848,0,0.00317566483690212,0.609296538219199,0,0.00306930620810045,0.0876155960728044,0,10
0.47330603290282,0.19112585369796,0.00214711869059071,0.00468325731381854,0,0.0112038721956941,0.00298296494887409,0,0,0.00050858917150555,0.00483050332760424,0,0.00309704839183387,0.0011004489630821,0,0.000424088693174857,0.0776515512728046,0.00212703084691463,0.0112553544032371,0,1.00203410621893,0,0.00146935700092074,0,0.00266090415348197,0.558361831117544,0,0.00308068049262907,0.0913367824301459,0,10
0.577544931094705,0.183905767744869,0.00231264697523943,0.0046637891999347,0,0.0109195814223424,0.00327396651540107,0,0,0.000553801265266087,0.00534431641573731,0,0.0031029815354906,0.000984784996063784,0,0.00036650067513885,0.0623508509356287,0.00181725086102099,0.0121549392132088,0,1.10874043790945,0,0.00122504199410164,0,0.00227725088362333,0.512888749782863,0,0.0031902055332454,0.0929043429828483,0,10
0.690721145317765,0.178540539687668,0.00225202814579354,0.00496305193427614,0,0.0116923900014688,0.0033998225326249,0,0,0.00063435888301667,0.00540845587050607,0,0.00305388628484444,0.000864740890242428,0,0.000358592663898653,0.0501883381681731,0.00164045627356891,0.0123412531007834,0,1.16926855834029,0,0.00105235132250566,0,0.00173329619533383,0.494372795498961,0,0.0032597981287157,0.0878497573674282,0,10
0.852843418731541,0.156649350286771,0.00232158009954607,0.00575116736086255,0,0.0113414685219298,0.00353946288972971,0,0,0.00063281014319055,0.00580158262375309,0,0.00289202878895291,0.000773014676113464,0,0.000307962730218987,0.0435433053922568,0.00138926693206899,0.0119032344032465,0,1.20964437359719,0,0.00101248308421084,0,0.00134551992776185,0.51669040664663,0,0.00330919694140856,0.0810513194474171,0,10
0.89183144683883,0.150012302329309,0.002536381339776,0.00695537146037774,0,0.00969394762352009,0.00355649011977426,0,0,0.000622581501619672,0.00678400504994699,0,0.00292841257508456,0.000734662862813727,0,0.000285983031092888,0.0363180841280499,0.00123916733292982,0.0114638671372224,0,1.23817444586736,0,0.000844770685732093,0,0.00121593765081843,0.4698861989299,0,0.00364605645225818,0.0791219502804114,0,10
0.92193316099919,0.144771520000337,0.00284223139340504,0.00787958872811814,0,0.00989160731719757,0.0034999017425358,0,0,0.000628339708855193,0.00759062813526256,0,0.00264426423291073,0.000687721718093632,0,0.000253561020990333,0.0302497326378237,0.00105152605280756,0.0117351221937656,0,1.2803251869494,0,0.000769904434929113,0,0.0010764082417746,0.428331158839092,0,0.00361703029596954,0.0743585186825882,0,10
1.1445421938446,0.131172620524412,0.00308234033692369,0.00945249032678255,0,0.00940717436266649,0.003212011667349,0,0,0.000589914814934169,0.00845171590350232,0,0.00260415608787609,0.000605745695972611,0,0.000239508506628733,0.0258267647531116,0.000862805951897962,0.012591542818311,0,1.17171271682918,0,0.0007377266411093,0,0.000880955352098377,0.438061317572373,0,0.0038956194735865,0.06418017821425,0,10
1.22866486490584,0.129679729772412,0.00376606159027341,0.0120152344320134,0,0.0085919295784203,0.00336231267504849,0,0,0.000555993562613129,0.0103092819204548,0,0.00264520089575902,0.000555725183985418,0,0.000219264467889655,0.0239738755282299,0.000736243302759543,0.0123826051954505,0,1.07369706618849,0,0.000663348107026376,0,0.000711009625046059,0.391617992909745,0,0.00488699639686689,0.0718980088511253,0,10
1.41611702077901,0.127738519689959,0.0046510686912751,0.0147185779931369,0,0.00895140808506664,0.00334894124956812,0,0,0.000517161278008653,0.0123342249272987,0,0.00272448670664022,0.000493025322869097,0,0.000200612979197065,0.021192744162804,0.000623524846031461,0.0114688822387318,0,0.992104912382743,0,0.000680230273811019,0,0.000607077750158165,0.384091133350337,0,0.00673047621485218,0.0780445283874945,0,10
1.62247141522487,0.132082994951749,0.00610915878807535,0.0187524229667581,0,0.0085145834648003,0.00332721845758052,0,0,0.000499638653967911,0.0164569565270998,0,0.00254933254385074,0.000423243638872741,0,0.000173043444589423,0.020109230510616,0.000537993596510257,0.0113206329508357,0,0.871286858837358,0,0.000647096745315053,0,0.00052174103184381,0.403493833693177,0,0.00831050421272028,0.0841176150970507,0,10
1.72893249803352,0.152587164036846,0.00949178598569934,0.0302619680846609,0,0.00859998118620209,0.00315548514867168,0,0,0.000498124395277472,0.0246487967126612,0,0.00272308042114136,0.000405708534621844,0,0.000153001622844376,0.0189872296275261,0.000442430642629084,0.0104639593400377,0,0.667101202202179,0,0.000691624196548831,0,0.000485968568384795,0.374121869380706,0,0.0115640833144027,0.102721568622785,0,10
2.01313517054077,0.204281350756735,0.0142832019730679,0.0473457530337145,0,0.00893010524371222,0.00306045751668698,0,0,0.000524303949918974,0.0391634991237942,0,0.00279897658247332,0.00042766148790665,0,0.000136880395038618,0.0186936609666468,0.000458722182564805,0.00973164377149877,0,0.372690168747828,0,0.000705341768318414,0,0.000418602397308381,0.349479531646228,0,0.017887414267135,0.134022228136502,0,10
2.16830379820965,0.322897788859986,0.0227344236202611,0.0745142989124528,0,0.0111630948283267,0.00268885874474675,0,0,0.000519555812480227,0.067835209146929,0,0.0030689104217403,0.000492545777981537,0,0.000148076551876307,0.0234537256548551,0.000391672131188625,0.00640242769479548,0,0.117852860009492,0,0.000773507917192819,0,0.000384888586350857,0.356761922569315,0,0.0273000504244016,0.208051670734242,0,10
2.40456253068035,0.436111241720248,0.0348899360202517,0.110614598253238,0,0.0152243416058788,0.0019903887057634,0,0,0.00047470224063175,0.103309078846569,0,0.00322701661721834,0.000589211595892659,0,0.000125966263147824,0.029721476276368,0.000280021922207598,0.00264017817206774,0,0.0219413350524928,0,0.000983364652764402,0,0.000314657873439715,0.35340467077455,0,0.0433815057220305,0.270124171727135,0,10
2.35295892014139,0.554393292427943,0.0468201479440336,0.149911065721045,0,0.0211199404726736,0.00144920905121968,0,0,0.000480534470424789,0.147237187481254,0,0.00402207305068351,0.000713288839812634,0,0.000116928091888573,0.0406783937430936,0.000233967493967573,0.00123068810389524,0,0.00577610197407198,0,0.00134439064532827,0,0.00033644283887477,0.377133641481308,0,0.0603837950778914,0.33941354651742,0,10
2.35386631768533,0.627008004966727,0.0521354971638353,0.184782131843891,0,0.0327395669868689,0.00118504229554294,0,0,0.000431108938191671,0.169041708632481,0,0.00558198960155965,0.000983818324139406,0,0.000121624484926926,0.0576508390906198,0.000231013292360449,0.000515397767846977,0,0.00189448147185897,0,0.00213462107162856,0,0.000354406774386088,0.372489182327487,0,0.0727965153322733,0.386677109117782,0,10
2.26685494370149,0.687645661521777,0.0507142976109759,0.190668438349462,0,0.0559040806730157,0.000954757779783299,0,0,0.000451281296166242,0.176149403209669,0,0.00703024447891647,0.00139945913054353,0,0.000123042835775618,0.0889783702218483,0.000234819330152244,0.000262793304314533,0,0.000792937649660303,0,0.00381287759331549,0,0.000308999502263791,0.399065030888777,0,0.0766661177581162,0.380309795124008,0,10
2.33664218722036,0.763745936951461,0.0438384375598058,0.153918967461876,0,0.0784082212077857,0.00073584040519445,0,0,0.000411965149963741,0.16549833887132,0,0.00997107477306487,0.00211867736766333,0,0.000119759669988575,0.112226438528046,0.000233787635861128,0.000140137417039485,0,0.000331553236258925,0,0.00543416088562858,0,0.000312400061567793,0.456511747592795,0,0.0686470824030398,0.372442540607923,0,10
2.24622395273181,0.850798598699746,0.0337842417389193,0.11231779969909,0,0.10907103366701,0.000631871324511605,0,0,0.000365201795693605,0.15100843141543,0,0.0129199931414113,0.0027533692614285,0,0.000108639534746103,0.144843961785501,0.000236689513294565,8.0582926436423e-05,0,0.000191012361128335,0,0.00813965139611102,0,0.000296134573703056,0.515358614921202,0,0.0539824460099848,0.331511432001864,0,10
2.14964956854386,0.95849051702468,0.0214781259877351,0.0674920510183629,0,0.1525985237153,0.000556176459483238,0,0,0.000330802816947015,0.0983558591876882,0,0.0132533965641574,0.00299068952807238,0,9.25783964799608e-05,0.192506050407983,0.000214450450897413,5.30786410885351e-05,0,0.000127222409343219,0,0.0091910683767285,0,0.00027509388354717,0.540920929702597,0,0.03279113507605,0.298604971362237,0,10
2.14127333665764,1.09889398068736,0.0109775432262462,0.0246374097188744,0,0.197775998552515,0.000512729723254112,0,0,0.000318564434328373,0.047819519289756,0,0.0145198174411116,0.00292107309445199,0,7.23868657665547e-05,0.246769449305865,0.000183488328948165,3.93389597153878e-05,0,8.22696620048755e-05,0,0.0070460194491591,0,0.000208273735106059,0.553421686984039,0,0.0134936377649148,0.234343030127327,0,10
2.03134146709327,1.27355993155044,0.00451056111228897,0.00803602671311418,0,0.244893560939389,0.000459176526018086,0,0,0.000261143892167953,0.0202971207170283,0,0.0138359027827632,0.00239322347018596,0,5.58729492756024e-05,0.239133773772399,0.000141398401746708,3.32148878904018e-05,0,6.4245601665456e-05,0,0.00366910362152255,0,0.000158579138925406,0.576581001092813,0,0.00453845716993443,0.15100366570414,0,10
2.06698635552405,1.48042168034959,0.0021493163511537,0.0022021873507358,0,0.287063449000695,0.000445449869226294,0,0,0.000176222254383097,0.00844000303866071,0,0.0133726833073947,0.00169376204524626,0,3.80583934210514e-05,0.235818583180927,9.93273662893183e-05,2.56702379643583e-05,0,4.50529937689263e-05,0,0.00171538869152186,0,0.000103529126120039,0.62763045505795,0,0.00136885043638493,0.0546793112959108,0,10
1.98484124524916,1.55212714013863,0.00125782163147564,0.000925893637515367,0,0.268532729475339,0.000400432214529391,0,0,0.000119144551546017,0.00495107189369264,0,0.0128355627553894,0.00125313156398889,0,2.70785657681348e-05,0.193857723253352,7.07778744058145e-05,2.00806514933544e-05,0,3.38294636562955e-05,0,0.000822027020938713,0,7.05793870164949e-05,0.657232187189066,0,0.00060851188447321,0.0210199789232676,0,10
2.20961236962855,1.5765400553076,0.00080372470186209,0.000454387637539503,0,0.241031169458603,0.00037082082441037,0,0,8.00307180029537e-05,0.00344419322381265,0,0.0120702404620886,0.000800966304318918,0,1.86698844976215e-05,0.1674916061008,4.63183567993312e-05,1.39841414573232e-05,0,2.48265996318172e-05,0,0.000442411532645121,0,4.35633120631685e-05,0.67517694924399,0,0.000311798449854457,0.00960113935207134,0,10
2.20564786873135,1.66827350173059,0.000704434026390208,0.000287190696156985,0,0.203871158866409,0.000335409834685897,0,0,5.98221392012326e-05,0.00261007949444895,0,0.0119674172177677,0.000588888898286098,0,1.22808288513248e-05,0.135932041714522,3.52785356588448e-05,1.07026491286592e-05,0,1.74498072414432e-05,0,0.000279871810439448,0,3.04718251780985e-05,0.667996455333663,0,0.00018923311926413,0.00609945605337362,0,10
2.05659729203904,1.52814772047122,0.000545161192048208,0.000185725506013892,0,0.191232497430569,0.000342156230966058,0,0,4.56652534798732e-05,0.00213400040286846,0,0.010937333076576,0.000444152244271889,0,9.3489943477607e-06,0.1189503773669,2.75785554668965e-05,8.35141710750709e-06,0,1.43022835632047e-05,0,0.000195171525377574,0,2.19671231122104e-05,0.765077421324342,0,0.000127949432250755,0.00387466893645589,0,10
2.04358986612388,1.43204852677896,0.000471822051595573,0.000144396812516997,0,0.175897465391075,0.000375054995404736,0,0,3.49087918000548e-05,0.00192853215799635,0,0.0106439265994331,0.000341435191568292,0,7.2173378925602e-06,0.114057350497811,2.00678055221184e-05,6.73477577680943e-06,0,1.15738983433564e-05,0,0.00013668140145026,0,1.46562491411228e-05,0.846346705145155,0,0.0001110897929705,0.00285609122114213,0,10
2.07912380227794,1.51024218778532,0.000453228985159102,0.000114797213468493,0,0.155429516920528,0.000328443479154543,0,0,2.34191270848352e-05,0.00161791334676931,0,0.0097888930404962,0.00025088236663628,0,4.9586757965863e-06,0.105276979288315,1.39180268173434e-05,5.98055004196424e-06,0,9.50381293545316e-06,0,9.77610905010639e-05,0,1.13255279983162e-05,0.898527131042137,0,9.42080850423609e-05,0.00223911823051861,0,10
2.18519983887017,1.35438198840995,0.000432671407616824,9.98175750123026e-05,0,0.131027463358944,0.000322617652792428,0,0,1.65077406562899e-05,0.00176168756867484,0,0.00922559930166102,0.000178618189686762,0,3.46353497977255e-06,0.0858935505185593,9.81394366907872e-06,5.27393012469559e-06,0,8.66385819039448e-06,0,7.34753005611315e-05,0,8.76852634993201e-06,1.04767909014608,0,8.97855341837106e-05,0.00168787883242988,0,10
1.82943719171036,1.27241531268625,0.000497167775778418,9.89877768205069e-05,0,0.113695033195062,0.000279358244828128,0,0,1.26792495883787e-05,0.0018343429575932,0,0.00808571065605449,0.000155038689057144,0,2.82479787474471e-06,0.0736975591881033,8.04377241833157e-06,5.40002395964657e-06,0,8.79445169823643e-06,0,6.39887142074952e-05,0,6.35221271127504e-06,1.17616489016241,0,8.92600009474845e-05,0.00155082161992667,0,10
1.89116156482168,1.22717990091154,0.000614691204764584,0.000113025713225249,0,0.0872645179377915,0.000315822757599161,0,0,9.71868593513257e-06,0.00239306319151134,0,0.00778395442369162,0.000133000437773503,0,2.57612989099853e-06,0.0605890888577258,5.91590370763461e-06,5.24661743035303e-06,0,8.51900975559513e-06,0,5.13752948838367e-05,0,4.62069092711987e-06,1.38288764672958,0,0.000100498144542978,0.00143237276101952,0,10
1.95213675876981,1.05157308754359,0.000778075945518045,0.00014069922146081,0,0.0700515846885407,0.000303905024563395,0,0,6.56435646952728e-06,0.00337855384362033,0,0.00626797096635548,0.000108413612807528,0,1.87732283148239e-06,0.0520143163666863,4.69397973617973e-06,6.06644714400005e-06,0,9.82528129565119e-06,0,4.23488116702387e-05,0,3.50872685996343e-06,1.48314293921894,0,0.000130065355786671,0.00161021252404727,0,10
1.92386855816123,0.937748033861997,0.000991612242023174,0.000202287021094776,0,0.0530864401198507,0.000289511464258553,0,0,5.04126601968837e-06,0.0046141682815097,0,0.00606165015760517,8.84220874503097e-05,0,1.53725150608466e-06,0.0414714679862272,3.47144528335374e-06,6.76464959164978e-06,0,1.08467402328534e-05,0,3.48361740857134e-05,0,2.51264070090416e-06,1.59604263990891,0,0.000184661412654616,0.0019141902544056,0,10
1.74129787113207,0.83004364485565,0.00150161903391706,0.000305467843623209,0,0.0387742717133073,0.000271066141931587,0,0,4.08617477130524e-06,0.00708932547480445,0,0.00599461657736013,7.73721231358013e-05,0,1.22400098196436e-06,0.0300741607797577,2.67106126836264e-06,8.56963242712012e-06,0,1.30212430045648e-05,0,3.11512116171938e-05,0,2.01087206274276e-06,1.6682179440852,0,0.000267083851120395,0.00241228433074664,0,10
1.64489892064742,0.701326180838015,0.00232330866083469,0.000494820995705029,0,0.0301977595776699,0.000256763689031568,0,0,3.20562754842331e-06,0.0109167784514703,0,0.00515666148812496,6.40046397921173e-05,0,0,0.0222285909318211,2.09490016857015e-06,1.28734849429402e-05,0,1.73035680519422e-05,0,2.59195558013451e-05,0,1.7261285064003e-06,1.59594356084519,0,0.000442348919825433,0.00325099605413692,0,10
1.55864732959713,0.539505310711771,0.0042156933708649,0.000871063227796002,0,0.0234149261054646,0.000242955743404831,0,0,2.43313787399044e-06,0.0186685432795133,0,0.00532560261483523,5.20952632176024e-05,0,0,0.0163111016214042,1.5442520442623e-06,1.64728067585274e-05,0,2.19701771374337e-05,0,2.16414405979401e-05,0,1.32787682528802e-06,1.70380558262505,0,0.000742559664500121,0.00405394645164892,0,10
1.54248948799818,0.365972213996076,0.00735204146884559,0.00178453805751588,0,0.0167776427117633,0.000224621963276398,0,0,1.81396083810516e-06,0.0386748579530369,0,0.00549897392914126,4.19529383210423e-05,0,0,0.0115175637257652,1.34303283823986e-06,2.03502316584135e-05,0,3.0379259863976e-05,0,2.12296912618695e-05,0,1.15625902709329e-06,1.73988822126089,0,0.00144550845058893,0.00520443036423404,0,10
1.41037506732919,0.223070539865259,0.015465726495878,0.00381623585616254,0,0.0120109673293601,0.00017895546833249,0,0,1.45028940277299e-06,0.0884204480689202,0,0.0052685590149038,3.66915702782964e-05,0,0,0.00818390964272701,1.37235980775179e-06,2.58036969481407e-05,0,4.7715685371879e-05,0,2.18393606132356e-05,0,1.16901364329407e-06,1.7424881699901,0,0.00335657657266589,0.00559680368070564,0,10
1.39420456020719,0.128925283971035,0.0306021499996053,0.00843637637382467,0,0.00779789789511025,0.000128803452104848,0,0,1.201400266043e-06,0.187278960897935,0,0.00603805602230653,2.91793362117622e-05,0,0,0.00687660241508506,1.56783914646409e-06,3.23824639702963e-05,0,7.53819658048805e-05,0,2.65790934373574e-05,0,1.2654766943007e-06,1.63146627397931,0,0.00740167780335803,0.00624385516819206,0,10
1.39341180510472,0.0533023665961883,0.064183142347982,0.0179747016139549,0,0.00476307134402554,8.64431772196619e-05,0,0,0,0.401266734886952,0,0.00785336068875843,2.50866502782436e-05,0,0,0.00629359526610102,2.10392198672162e-06,3.35673130838471e-05,0,0.000103691266947398,0,3.82793772265393e-05,0,1.87807876318032e-06,1.66903415662318,0,0.0156890947324544,0.00525087303736299,0,10
1.3650718363557,0.0222620108362979,0.117648597982629,0.0360536694304093,0,0.00282448717159525,5.29411601708742e-05,0,0,0,0.753895623988731,0,0.0107967563269208,2.27148206257391e-05,0,0,0.00568729777892757,3.24431190218073e-06,2.6531132414426e-05,0,0.000113219640386256,0,6.75657439414072e-05,0,2.66004772713795e-06,1.60296105882079,0,0.025885160118341,0.00359381753039122,0,10
1.32797846610356,0.0111055388531818,0.157377253703775,0.0535040504390113,0,0.0019237442766092,3.65170699712593e-05,0,0,0,1.14930711258634,0,0.0158252005158611,2.49318809705954e-05,0,0,0.00639911838170925,4.73264023477048e-06,2.0782646900526e-05,0,9.06861741040876e-05,0,0.000117584578453558,0,3.98708034038847e-06,1.41261439647576,0,0.0386313082538455,0.00242451847368083,0,10
1.24374531723934,0.00549599933151418,0.177834505834654,0.0629123501046255,0,0.00159760810803458,2.52513265309012e-05,0,0,0,1.43879598432387,0,0.0238164266269311,2.58013720794067e-05,0,0,0.00736831039013695,7.13316568052551e-06,1.384684750329e-05,0,6.5901796522824e-05,0,0.000208081389300691,0,6.52195093051685e-06,1.25613128434535,0,0.0522351323436284,0.00160578557648729,0,10
1.20712530904249,0.00282126050853423,0.139396354445882,0.0657647967277352,0,0.0012211817830662,1.93160359351792e-05,0,0,0,1.59626566982591,0,0.0462986998744989,2.922629687063e-05,0,0,0.00975618352599513,9.19388929774216e-06,8.37386815708274e-06,0,4.7988129125544e-05,0,0.000402329735462786,0,9.72168563831377e-06,1.19618619041862,0,0.0561995216223027,0.000963980673760145,0,10
1.20748294302581,0.00160215199959901,0.0882687913461257,0.075416400649924,0,0.000992795784886901,1.59295970006308e-05,0,0,0,1.69255897601032,0,0.0700660342120739,2.9306387489478e-05,0,0,0.0123823396345404,1.6005856801647e-05,5.34334445153045e-06,0,3.21771971743238e-05,0,0.000853119162746951,0,1.49761454469481e-05,1.11545866424213,0,0.0595142938542803,0.000594085161206983,0,10
1.24012321112274,0.00108844985919155,0.0366438298041074,0.0798555146731314,0,0.000903164328700915,1.3285104928713e-05,0,0,0,1.78072581948314,0,0.0819560870259124,3.72488986931834e-05,0,0,0.0155862268194365,2.23780955471653e-05,3.46594146964288e-06,0,2.24787762750061e-05,0,0.00182489503100891,0,2.32907241196311e-05,0.931965643175779,0,0.0607306472050875,0.000420488054361411,0,10
1.30495150922843,0.000711010390204572,0.00955738012764625,0.0856931989055463,0,0.000851281932641525,1.08543362348453e-05,0,0,0,1.78435808644914,0,0.0912833564744479,4.24481614804938e-05,0,0,0.0209073603054616,3.32122643695671e-05,2.33461912662556e-06,0,1.52822720848536e-05,0,0.00421851460070357,0,3.40120301602252e-05,0.844502115316082,0,0.0605595611995616,0.000320882365647401,0,10
1.27825662427525,0.000505649458402448,0.00297222475632621,0.0857150363193857,0,0.000889010858512474,9.44788616576733e-06,0,0,0,1.87147325046893,0,0.0864721829038389,5.00559379521607e-05,0,0,0.0304971245648902,4.45142684891518e-05,1.65561044869023e-06,0,1.04071835518538e-05,0,0.00878053071126137,0,5.41266446977097e-05,0.74763772042037,0,0.0589035078794798,0.000231489910979198,0,10
1.22461943527189,0.000381113820605733,0.00122405548684936,0.079731103977406,0,0.000838634538941203,7.69145997437435e-06,0,0,0,1.87468810695266,0,0.0721787152685991,5.45638759323662e-05,0,0,0.0389099845563991,7.3760677763833e-05,1.27947356567323e-06,0,7.84498719264401e-06,0,0.015493078561533,0,8.74484723870657e-05,0.690597851977092,0,0.0576060296691299,0.000175136486427178,0,10
1.25409334587633,0.000311375095605413,0.000589819954143714,0.0794932743641221,0,0.000816203971789095,6.84889213812477e-06,0,0,0,1.78097356782366,0,0.0723298692613653,6.90918667488195e-05,0,0,0.056081168950379,0.000105545045998664,0,0,5.56795570794417e-06,0,0.0327016163645374,0,0.000134475045841166,0.597295939291128,0,0.0551071376886447,0.000141102465220676,0,10
1.21039943610534,0.00025375634181427,0.000321497733071991,0.0783300756092592,0,0.000774150560635594,5.70330456845626e-06,0,0,0,1.64180469887618,0,0.0659594279990847,8.30642392128789e-05,0,0,0.0777328193589201,0.000123482744139915,0,0,4.36323465768105e-06,0,0.0724415149474326,0,0.000186043462941974,0.569946271959342,0,0.0565073118584084,0.000121521887575698,0,10
1.17639652148679,0.000246092910361226,0.000213680521596251,0.0796997239908482,0,0.000852248246656178,5.59355922446116e-06,0,0,0,1.54201137213775,0,0.0600259688381148,0.000101487924972851,0,0,0.106718584528137,0.000155290547563307,0,0,3.59652516126844e-06,0,0.139876992172514,0,0.000228411922711649,0.528683177245154,0,0.0604123013121636,0.000121055829069456,0,10
1.1159429619576,0.000258300611756029,0.00015227770040173,0.0782946899881203,0,0.00106627563707899,6.15466822254521e-06,0,0,0,1.31202249896796,0,0.0537386295819325,0.000122076879729704,0,0,0.135690930746857,0.00021093077305808,0,0,3.61117744326442e-06,0,0.287978212665297,0,0.000287571772145936,0.451800279454094,0,0.0589906061064924,0.000125161507285038,0,10
1.12919653749053,0.000320869245686991,0.000145998417180691,0.0764298838926238,0,0.00137550234896744,6.4644002528823e-06,0,0,0,0.946243635865348,0,0.0481312724271045,0.000144419188190179,0,0,0.150894415207257,0.000246640462587701,0,0,3.79087822513053e-06,0,0.542989026382502,0,0.000327939116803135,0.43874075218834,0,0.0644750404657796,0.000161970152822876,0,10
1.0756118903571,0.000506745031455585,0.000143509204464515,0.0719682465428912,0,0.00200171561707484,7.15506786071706e-06,0,0,0,0.613667986547796,0,0.0472390316866029,0.00018012108166526,0,0,0.232022147872508,0.000338283836010856,0,0,5.05377296047316e-06,0,0.652767029287679,0,0.000397708534078412,0.448158127973956,0,0.0611354780104561,0.000217695209935986,0,10
1.00230992466182,0.000848229106127491,0.000154981706595498,0.0563602610051372,0,0.0031978982551229,8.6995332196145e-06,0,0,0,0.324073895590015,0,0.0418663266167935,0.000232781286473551,0,0,0.343601186991713,0.00043498523684627,0,0,7.98095214218922e-06,0,0.650383068035307,0,0.000431315606755479,0.4432676400725,0,0.0546845033825258,0.000358103292826217,0,10
1.00233219650307,0.00172582772342795,0.000183719081569472,0.0378623670665457,0,0.00461812030019838,9.66384697856676e-06,0,0,0,0.157412106818003,0,0.0414756865181971,0.000296275641494073,0,0,0.502406096048521,0.000414281681115672,0,0,1.43679957639916e-05,0,0.438704593493224,0,0.000455303317323666,0.43223572504528,0,0.0432621615675634,0.000726986584989832,0,10
1.01964193306868,0.00407575249973274,0.000193655242538478,0.0173174478782922,0,0.00556512780224328,1.12466789028166e-05,0,0,0,0.0467066289083011,0,0.037673152390851,0.000347900690665411,0,0,0.679398841457825,0.000337215122359607,0,0,2.71105290150782e-05,0,0.158851862192838,0,0.000401955890199331,0.452187201631197,0,0.0194575518320643,0.00159860380401945,0,10
1.00006059483738,0.0096440993606484,0.000118115172179634,0.00333090725359027,0,0.00586617488342806,1.27971571090158e-05,0,0,0,0.00576991242135668,0,0.0344362564240166,0.000333743826106291,0,0,0.740115258754359,0.000224961521687307,0,0,4.30166648059538e-05,0,0.0226529098883358,0,0.000271598745675596,0.476038123389231,0,0.00382339666804895,0.00352061654826986,0,10
0.937535155743933,0.0219455233520027,9.00060532012041e-05,0.00139196194642495,0,0.00517896893469267,1.32821542160068e-05,0,0,0,0.00217658863938763,0,0.0341853198938462,0.000288215185306341,0,0,0.565921092054844,0.000151107896968773,0,0,8.51105553213181e-05,0,0.00511511861120301,0,0.000197757697010016,0.499713011479305,0,0.0015478898802202,0.00886376557668132,0,10
0.949874285860426,0.046128822994657,8.60742233196368e-05,0.00105610714223277,0,0.00477452784422318,1.54700577618196e-05,0,0,0,0.00150691732347456,0,0.0327892496624948,0.000260010764746652,0,0,0.414743776814265,0.000100127420390267,0,0,0.000128878955819153,0,0.00198336941449194,0,0.000129588185753943,0.57514252797127,0,0.00110101087406481,0.0173456239876156,0,10
0.862341520513865,0.0855315798290449,0.000104412510706698,0.001094503998368,0,0.00459042515966734,1.59150632970866e-05,0,0,0,0.00141108547603642,0,0.0305146231181335,0.000228593885833501,0,0,0.29947938756175,7.00173967666201e-05,0,0,0.000204167788272718,0,0.00101874863556068,0,8.81367970984204e-05,0.624697972352771,0,0.00112947263575165,0.0358282578882159,0,10
0.799330278804657,0.148208154725732,0.000134705880119056,0.00122959474680259,0,0.00395238142091149,1.58625589893737e-05,0,0,0,0.00153743753150601,0,0.0272335112695999,0.000200339884098437,0,0,0.234366890834693,5.10303683896266e-05,0,0,0.000325491243838443,0,0.000577612207519571,0,6.16615442971033e-05,0.640765965467473,0,0.00127484823241847,0.0597258087220662,0,10
0.713573046326931,0.208707144305895,0.000187766173100346,0.00168959940903394,0,0.00399385740065397,1.75173026162889e-05,0,0,0,0.0021415136185901,0,0.0256622227529748,0.00018795624600668,0,0,0.17013607727544,3.59560960719705e-05,0,0,0.000488947165299972,0,0.00040500046363429,0,4.21585585836301e-05,0.671277901327415,0,0.00167531657333365,0.093265403987448,0,10
0.708793443013225,0.292912767921606,0.000277239586181016,0.002330635213566,0,0.00444493427830621,1.89198900359105e-05,0,0,0,0.00300039939654761,0,0.0244144942045115,0.0001751861550815,0,0,0.126423415963435,2.70665729403704e-05,0,0,0.000635401103581611,0,0.000312140281964022,0,3.23545070988858e-05,0.682228421783924,0,0.00263040202321903,0.143496124425303,0,10
0.723418113924317,0.404519084185049,0.000387852162343849,0.00356342356216102,0,0.00510060497173114,2.01902589923675e-05,0,0,0,0.00460886257806286,0,0.023540361170347,0.000167739437066193,0,0,0.0895735654363299,2.04963760768585e-05,0,0,0.000783249221813042,0,0.000257598678062315,0,2.57497447077477e-05,0.712295384544442,0,0.00389966975872738,0.202716141545479,0,10
0.699455662791609,0.519919951949989,0.000517357655976897,0.00530770531024176,0,0.00577401777778681,2.10104790995713e-05,0,0,0,0.00685480566352786,0,0.0215365861739993,0.000161863710534983,0,0,0.0737017637690816,1.65592921928518e-05,0,0,0.000929844914135197,0,0.000227907835702169,0,2.02069749165839e-05,0.745823354759853,0,0.00534221848415447,0.252079191247985,0,10
0.644091163696571,0.688706094266136,0.000618695766853354,0.00738846355629241,0,0.00787816059282502,2.56187358193308e-05,0,0,0,0.00901776526577623,0,0.0196064640001115,0.00014520258677658,0,0,0.0618190633393608,1.3950262522537e-05,0,0,0.00105072501535104,0,0.000198528329107052,0,1.60186887775978e-05,0.751830789584674,0,0.00738308608111264,0.335573582340549,0,10
0.651510417527985,0.724329981406918,0.000651704460864919,0.00920559518180934,0,0.0105504026184376,3.2874596939582e-05,0,0,0,0.0105785113108487,0,0.0185864733068413,0.000144073434172848,0,0,0.0555808716680106,1.19002288371279e-05,0,0,0.000959866959101236,0,0.000183442005873465,0,1.36130600419527e-05,0.818608779827164,0,0.00917680651680345,0.373848712786923,0,10
0.607696213071206,0.735588227359219,0.000732996052732014,0.0116960924286365,0,0.0140941088839844,4.26132433218134e-05,0,0,0,0.0133467429326004,0,0.0165522179257887,0.000130558641070432,0,0,0.0469383786892206,1.00494346123763e-05,0,0,0.000927846050182087,0,0.000164266084162206,0,1.15583821140067e-05,0.927766338326089,0,0.0109963025813934,0.365885684214663,0,10
0.573083450759863,0.793683495341793,0.000767036647374055,0.0146941284878645,0,0.0165684133122956,5.47029852014333e-05,0,0,0,0.0151257073108208,0,0.0159213202392067,0.000121877322058281,0,0,0.0415498855902868,9.11753771755141e-06,0,0,0.000920954066689714,0,0.000156388656943872,0,1.04000124256821e-05,0.941004449379138,0,0.0144815378605644,0.373081030846342,0,10
0.587456068234479,0.740215576401745,0.000955439948942525,0.0179832167320393,0,0.0220088518428707,6.8715862333945e-05,0,0,0,0.0205423750906036,0,0.014936803367149,0.000112614495732132,0,0,0.0344652549865588,8.73436023425286e-06,0,0,0.000880001542863455,0,0.000133064664998369,0,9.89215363254327e-06,0.995299597028387,0,0.0180972458800387,0.393040009824157,0,10
0.650558304136921,0.818352945973648,0.00112639135484324,0.0222023627566342,0,0.0286756944167955,7.54705876805155e-05,0,0,0,0.0284195755639081,0,0.012454018359056,0.000110296113876734,0,0,0.0307340110221474,8.023262444495e-06,0,0,0.000807567452446766,0,0.000138975205095253,0,8.52560984323419e-06,1.00766799068014,0,0.0235305874444477,0.410847974476814,0,10
0.614133104348225,0.802672451956103,0.00132011699534807,0.0277733989080612,0,0.0398149666597812,9.69569086247605e-05,0,0,0,0.0331048843227189,0,0.0116857743441203,0.000107366002959573,0,0,0.0321793560440302,7.98283233833371e-06,0,0,0.000767310157698386,0,0.000143187747161966,0,7.51902573663665e-06,1.05489397691844,0,0.0294975928864842,0.380701851214372,0,10
0.546802944816149,0.784110426112266,0.00177406190371211,0.0338826981904969,0,0.0464785802192351,0.000128530832330668,0,0,0,0.0423652748411095,0,0.0110692032168821,0.00012663617725131,0,0,0.0324103500975558,8.35212752638079e-06,0,0,0.000811376640691101,0,0.000153600974110323,0,7.91046055947842e-06,1.17963021377669,0,0.0379885177033614,0.311273543662881,0,10
0.529739476299754,0.731967401077143,0.0019366329593259,0.0414331628914049,0,0.055121508623561,0.000142093268226348,0,0,0,0.0565662125026767,0,0.00993621132617637,0.000142854666534338,0,0,0.0306919315447503,7.90261128223597e-06,0,0,0.000723568908782776,0,0.000167949138555432,0,8.35818057969973e-06,1.28762286954383,0,0.0490718933554092,0.267920921592167,0,10
0.499879095256521,0.686598352251244,0.00240844468817498,0.0512185800019423,0,0.0579325668258516,0.000160988966639177,0,0,0,0.0786169403068529,0,0.00878536895279505,0.000178637382081839,0,0,0.0353751876857097,8.42706557955467e-06,0,0,0.000879358598864158,0,0.000207767382472726,0,9.72883550580257e-06,1.33271070755499,0,0.0605832098649884,0.233375871846774,0,10
0.491391221563054,0.558703421579534,0.00330773046827443,0.0616573726568128,0,0.0649500014267861,0.000172682545412693,0,0,0,0.109338018159765,0,0.00788277237915925,0.000182569709346751,0,0,0.0368508106874197,1.02317702253665e-05,0,0,0.000933286979379772,0,0.000281822888177718,0,1.18274288745898e-05,1.48962139759715,0,0.0672039192021759,0.185264786799536,0,10
0.494911795482965,0.426580415886187,0.00494424904083892,0.0790741121904245,0,0.0659234285552639,0.0001734745641817,0,0,0,0.167273122510264,0,0.00792374519739544,0.000233703495340227,0,0,0.0368445960288667,1.29927694783494e-05,0,0,0.00100270607246032,0,0.000391207792934635,0,1.50937739925409e-05,1.56331336251421,0,0.0890793993090394,0.12291801089631,0,10
0.503850238423557,0.27780567943502,0.00733564590940392,0.104985813377038,0,0.0555677747038293,0.000187120945303453,0,0,0,0.24456353745942,0,0.00677285587511466,0.000294745069750359,0,0,0.0453239355186534,1.48187280449517e-05,0,0,0.00116574692701441,0,0.00059875036757794,0,1.89197427773484e-05,1.58187311706915,0,0.116717661231076,0.0804842146264979,0,10
0.455970174885632,0.142419661200465,0.011079264775782,0.15491563956774,0,0.0459249601033225,0.000160340352908702,0,0,0,0.407811640940039,0,0.00679450585835133,0.000392615127639382,0,0,0.0522475292568157,1.99542399079899e-05,0,0,0.0014581311244912,0,0.00102762984289008,0,2.86490936507098e-05,1.56523987610215,0,0.147908644035187,0.046185629631896,0,10
0.443531188016987,0.0648360641136622,0.0162975673862182,0.209928374696169,0,0.0338971632128251,0.000144746050358065,0,0,0,0.624434875023007,0,0.00707428852619415,0.000464548715177296,0,0,0.0415314962609975,3.22247649960928e-05,0,0,0.00167803986575457,0,0.00183834369768138,0,3.85888804322715e-05,1.46138506840779,0,0.194117661208942,0.0247852398797446,0,10
0.418064535052138,0.0247426173473407,0.0188641296877638,0.264566636142683,0,0.0278980003518403,0.000128142844216286,0,0,0,0.835470279314826,0,0.00707637864605597,0.000575529438080329,0,0,0.0414567154466648,5.41650123874189e-05,0,0,0.00160024003701276,0,0.00341430175075226,0,6.04693699023944e-05,1.40439619992145,0,0.262235869872803,0.0112655028804416,0,10
0.404890293473834,0.00893690670245234,0.021528415326023,0.31607592687083,0,0.0196386396784432,0.000126623774992156,0,0,0,1.05568824898259,0,0.0083570982810059,0.000660982090112673,0,0,0.0354366039226255,8.09582237601743e-05,0,0,0.00138719427796506,0,0.00657600570734317,0,8.46200900213519e-05,1.43699655043579,0,0.306889377520908,0.00470669485775371,0,10
0.410601844154491,0.00370013792793346,0.0206237809180614,0.34152607556402,0,0.0181915663831916,0.000117548689501851,0,0,0,1.15397129060238,0,0.00997078414169849,0.000806634643676475,0,0,0.0328704565366562,9.40872778644062e-05,0,0,0.00110442181432753,0,0.0153869086033329,0,0.000114482515802974,1.3792800881478,0,0.320063326831149,0.00206926403517375,0,10
0.444558976361589,0.00178137121314907,0.019523565594746,0.351642657535346,0,0.0149144662646058,0.000106452716118129,0,0,0,1.15702654702973,0,0.0101946661994024,0.000924755131448719,0,0,0.0337742486157926,0.00012371420912299,0,0,0.000864931571063984,0,0.0323738237277178,0,0.000162140342436334,1.31696758226392,0,0.333789056987646,0.00102994094894855,0,10
0.430466151554842,0.000973601056645373,0.0177704560579772,0.346024592450816,0,0.0126036874537876,0.000108747192493331,0,0,0,1.1995991346604,0,0.0108944568976313,0.00110474676040592,0,0,0.036063499426003,0.000177398056074713,0,0,0.000626258257116306,0,0.0644084534233925,0,0.000219738490561144,1.21754504962878,0,0.308764825615149,0.00055840948749288,0,10
0.447006764507657,0.000585441565197239,0.0147477137256354,0.343203202247527,0,0.0113478317021331,9.82879677508902e-05,0,0,0,1.1108438443402,0,0.0125028543083049,0.00139094848388275,0,0,0.0343814905379926,0.000252217221220081,0,0,0.000518983432738981,0,0.133606606110342,0,0.000312770507381262,1.11184558962895,0,0.293848965548949,0.00038306593371914,0,10
0.383783013058869,0.000433434111324143,0.0129592904868745,0.306857935544264,0,0.0125719275883525,9.96336838477564e-05,0,0,0,1.01169096873331,0,0.0126749827645294,0.00199656543580211,0,0,0.0413828740294429,0.000370559098297092,0,0,0.000480910968772992,0,0.221982071554233,0,0.000469447310710764,0.986289084430373,0,0.302117520963022,0.000317964799305053,0,10
0.35786545270007,0.000381377644458501,0.0113838292305917,0.299034848730459,0,0.0140432964451193,0.000111098992448575,0,0,0,0.810948748780911,0,0.0125320261163801,0.00257191990090775,0,0,0.042548772452567,0.000602664446684481,0,0,0.000448932801899373,0,0.395646448313304,0,0.000662143533829173,0.862868876569018,0,0.270992235387997,0.000304861035460743,0,10
0.382258628729322,0.00036350712621814,0.0105174802974202,0.254986160755401,0,0.0161362794931719,0.000120034560503933,0,0,0,0.634959787995753,0,0.0127126382917907,0.00340141769440378,0,0,0.0550089388805528,0.000912245187506783,0,0,0.000514220882466482,0,0.575138849465312,0,0.00102916891807415,0.747255718995472,0,0.222492369737365,0.00033096119226513,0,10
0.416988785773238,0.000415429036279366,0.0103115797497297,0.196355762933813,0,0.0181145271786566,0.000144424797351991,0,0,0,0.448686854447427,0,0.0121092427218137,0.00458553688275182,0,0,0.0621380660064221,0.00128049911770586,0,0,0.00067622492681165,0,0.744750509710364,0,0.00121527898116933,0.671104644371599,0,0.178464836115383,0.000421500758426605,0,10
0.425950865433455,0.000659848967132872,0.00962025746935956,0.144762732729394,0,0.0215603956849477,0.000157614515762457,0,0,0,0.269693956002649,0,0.0116095464536718,0.0071300834393772,0,0,0.0845147598712239,0.00146221088196178,0,0,0.000858015507824855,0,0.869809921941836,0,0.00145068939987106,0.579736237951974,0,0.129691179799164,0.000650023726351589,0,10
0.450283862494448,0.00121578985411882,0.00950128144117313,0.115426767351501,0,0.0257465980811957,0.00020485845419656,0,0,0,0.194497965584227,0,0.0123340243599305,0.00864930232539533,0,0,0.104583418945447,0.00172496618375447,0,0,0.00128614822306754,0,0.876919302267773,0,0.00176135716315845,0.55031891999292,0,0.0902597752248521,0.00109208984171896,0,10
0.474217286981673,0.0022198692813831,0.00855585662272958,0.0946257888673211,0,0.0338761815694168,0.000236288999624701,0,0,0,0.132230001642879,0,0.0123446187440934,0.011275401586125,0,0,0.152238585155712,0.00209890952934619,0,0,0.00188315602187146,0,0.794458243874482,0,0.00186083274049512,0.504862088452521,0,0.064034603927814,0.0020756714569585,0,10
0.449110181051794,0.00412692200098645,0.00857044391650388,0.074642215153581,0,0.0468853605301394,0.000304268798129643,0,0,0,0.104939291328608,0,0.0123480399350548,0.0125761568526044,0,0,0.215886828123658,0.00235907106775034,0,0,0.00294808404721209,0,0.584039633050066,0,0.00200438533087661,0.467073880160835,0,0.0530257636282794,0.00369686895931518,0,10
0.422042231591381,0.00917192810559236,0.00800944866099037,0.0470388197238677,0,0.0692870323521957,0.000374797898272328,0,0,0,0.0709673733784878,0,0.0118270572767888,0.0139695979638917,0,0,0.338897324037684,0.00216002288668872,0,0,0.00475524459443453,0,0.357532832998887,0,0.00204861898430838,0.423732905199258,0,0.0309348721990824,0.00735286925078651,0,10
0.394771621196762,0.0186577007380362,0.00584641448812027,0.0244417770903828,0,0.0970599830718715,0.000422864317619334,0,0,0,0.0336856437990584,0,0.0111660126399495,0.0129457432534517,0,0,0.432147937020031,0.00195972418435696,0,0,0.00776902338924965,0,0.157136187017351,0,0.00190792059877211,0.43252339420802,0,0.0135494396248991,0.0141184658071393,0,10
0.383414355077978,0.0364883010780992,0.00377392071808281,0.00999597754623831,0,0.103705917562647,0.000502421509564856,0,0,0,0.0150696351347177,0,0.0109196893208367,0.0104163529376273,0,0,0.401402787113912,0.00164218848058682,0,0,0.0133806487339664,0,0.0464563447514085,0,0.00148007500155047,0.467564615837029,0,0.00519549508732435,0.0223838152495813,0,10
0.38492616425153,0.076265069255138,0.00242414466642605,0.00461678915158487,0,0.0988120037835371,0.000507541308001844,0,0,0,0.00782611393916513,0,0.0110090337437881,0.00793116221480348,0,0,0.348339257361982,0.00133423358632316,0,0,0.0195522853307051,0,0.014693053166089,0,0.00108025782833956,0.485593644139114,0,0.00236824526126049,0.0333473796934316,0,10
0.369146363976148,0.138561156505597,0.00186537015087741,0.00319269558093556,0,0.0913291126021931,0.0004805055218675,0,0,0,0.00587725132932062,0,0.0109599927124101,0.00539459022619217,0,0,0.279154546894247,0.00114803795780004,0,0,0.0297843305706765,0,0.00618686213484861,0,0.000871605677427765,0.478861768256479,0,0.00175350482368122,0.0476124354819988,0,10
0.377835247300778,0.230060449696438,0.00170277631217868,0.00256851299774685,0,0.0787499619298017,0.000517882631952215,0,0,0,0.00547121587919745,0,0.0103589816099181,0.00388674285617714,0,0,0.234110944439747,0.000906799366803104,0,0,0.0409050360853659,0,0.00300056335579188,0,0.000704069136529904,0.481997576863009,0,0.00150120123421561,0.0649062685498327,0,10
0.364026401082764,0.34464418272055,0.00168063975109358,0.00238032966312153,0,0.0804070230233197,0.000616395390010913,0,0,0,0.0052935131149236,0,0.0100182338069282,0.00322344345135109,0,0,0.203628763908251,0.000748363302833099,0,0,0.0551683540717236,0,0.00172580415391254,0,0.000565420670189864,0.500424498772878,0,0.00138737139518437,0.0846588013720339,0,10
0.382857148793183,0.495198258290464,0.00167805708530739,0.00232363686400175,0,0.0772434482077041,0.000688598046288793,0,0,0,0.00502215111416535,0,0.00941076758032673,0.00262710001224319,0,0,0.177365402615506,0.000586373961523756,0,0,0.0637864955095207,0,0.00109448327476747,0,0.000472874263725038,0.549442923398811,0,0.00141910107220591,0.101737726576402,0,10
0.412904974976934,0.691776996695346,0.0017614586134124,0.00217997734228512,0,0.0817753390079786,0.000807709346741699,0,0,0,0.00520389222362412,0,0.00885588502521977,0.00224177016742777,0,0,0.146461787248978,0.000462519277613275,0,0,0.0625098275949473,0,0.000803618195091319,0,0.000395666922076348,0.592947480166414,0,0.00142132761340349,0.103522049235287,0,10
0.396142802027277,0.861282581751894,0.00179780897319776,0.00229179872338284,0,0.0825808313765857,0.0009277417300976,0,0,0,0.00553445823624179,0,0.0083074237359472,0.00200264882326008,0,0,0.12321033972356,0.000388256908313314,0,0,0.0591136846506175,0,0.0005972399223536,0,0.0003142287243943,0.614622114745559,0,0.00138885767133515,0.108720141097126,0,10
0.454585015819366,1.14476743132878,0.00187047413299125,0.00200672146444497,0,0.0827656290294696,0.00112959260935479,0,0,0,0.00490628674524596,0,0.00746793778929675,0.00168255941292468,0,0,0.110849433206364,0.000354151569879144,0,0,0.0459780026693527,0,0.000472752769468661,0,0.000246932777676106,0.708482088949148,0,0.00123051443479774,0.0988938521865168,0,10
0.462136174097064,1.28416628641729,0.00183834571983949,0.00192177358403701,0,0.0809320815199166,0.00126749332150675,0,0,0,0.00487342053870754,0,0.00676423196268269,0.00146387112328609,0,0,0.0927914153284594,0.0002985248345446,0,0,0.034894003814095,0,0.000385648783882388,0,0.000191125762117136,0.780735034457059,0,0.00125889332145473,0.0771495691879763,0,10
0.41707639460404,1.28851570421695,0.00169232479927123,0.00188225754129905,0,0.0809246929761261,0.00141194185374478,0,0,0,0.00450935172524509,0,0.00630145481458439,0.00118101641413048,0,0,0.0841246874152198,0.00024662103794592,0,0,0.0260384312959659,0,0.000297155442754903,0,0.000167039992301987,0.813164888514513,0,0.00116244411775148,0.0622629824961343,0,10
0.42518938411143,1.29927865544881,0.00176543523460538,0.00172807872874503,0,0.0774066848846953,0.00160243995187243,0,0,0,0.0049821190586814,0,0.00588980030588978,0.00102180758231811,0,0,0.0702434283546776,0.000201777498717396,0,0,0.0195576375584121,0,0.000233765166123069,0,0.000142145956649788,0.94399133171683,0,0.00107756924262749,0.0558330296267095,0,10
0.417712481340499,1.26210003585057,0.00182515081085423,0.00166892205861078,0,0.0720657219687727,0.00172968461056134,0,0,0,0.00568430066260077,0,0.00536969181273322,0.00101945553288331,0,0,0.0631410409272888,0.000188122602643999,0,0,0.0157302899299163,0,0.000193064736109283,0,0.000105767005919698,1.04551349379781,0,0.00102644402243378,0.0491183160091755,0,10
0.391660903223593,1.24254538568073,0.00196688407083957,0.00179679406717565,0,0.0649041957518088,0.00204226403417285,0,0,0,0.00653901692245061,0,0.00498512032582714,0.000907150512922742,0,0,0.0509552063045198,0.00014072326390877,0,0,0.0134386955344096,0,0.000164295906041447,0,8.5463395103841e-05,1.1068734453478,0,0.00103184863271262,0.0451341833609884,0,10
0.390530446738057,1.21033456711164,0.00220103057891297,0.00188856242274013,0,0.0557420464656744,0.00245472470600358,0,0,0,0.00749978369580769,0,0.00470201290024376,0.000741968992437238,0,0,0.0461477802652348,0.000110769349876867,0,0,0.0103812266100762,0,0.000142582486169484,0,7.16535654132489e-05,1.26602175940766,0,0.00111709421252181,0.0432927064709062,0,10
0.348953993102664,0.983170670967936,0.00275246099879281,0.00234206856430968,0,0.0460189917425533,0.00292791494985822,0,0,0,0.00917826947417835,0,0.0049026127525393,0.000647302584211889,0,0,0.040564828941333,9.98021557939346e-05,0,0,0.0103132110331377,0,0.000115937559778552,0,6.38427000576615e-05,1.36948045049615,0,0.00137327040247039,0.0401775638108541,0,10
0.325508282192545,0.965347975641878,0.00383762681260864,0.00296588259059683,0,0.0410757870518858,0.00361348243460202,0,0,0,0.012247442651071,0,0.00506633404816169,0.000544914338019269,0,0,0.0341411257469222,9.09965626114695e-05,0,0,0.0112969454083328,0,0.000106883495593257,0,5.72588158956421e-05,1.39467790645143,0,0.00180042175222985,0.040979211838616,0,10
0.309799367687205,0.82470599411297,0.00515590200476935,0.00379451652097572,0,0.0327831535441975,0.00364627034516835,0,0,0,0.0175076356077023,0,0.00516221573041024,0.000507303998853717,0,0,0.0286375685286298,7.93985508607331e-05,0,0,0.0124334186424967,0,9.41258775934501e-05,0,4.67284879468281e-05,1.53317614586869,0,0.0026331844383388,0.041479560380662,0,10
0.304291504917037,0.669901956863735,0.00793723945896489,0.00557071906313332,0,0.0258766909150533,0.00373890093334335,0,0,0,0.0267121343345039,0,0.00531356758676866,0.00039683882286867,0,0,0.0243508818551296,6.62861649857583e-05,0,0,0.0138453156081133,0,8.49475862152046e-05,0,3.89215017828378e-05,1.60258594071415,0,0.00372041417587628,0.0404350569201926,0,10
0.285071429349161,0.531122836889738,0.0125492309112688,0.00898988360023115,0,0.0187131911542537,0.0035668347395135,0,0,0,0.0437549626100169,0,0.00558770100611866,0.000352387780217203,0,0,0.019651546186794,5.85698232647537e-05,0,0,0.018297940629403,0,8.58321684515794e-05,0,3.67468584525739e-05,1.56000728045,0,0.00623420103428091,0.0388305351823399,0,10
0.287366888946763,0.363779455073391,0.0199170771261212,0.0155255981311885,0,0.0148040421925962,0.00317501967595426,0,0,0,0.0814722989531258,0,0.00563274423282906,0.000268815660123181,0,0,0.0173316470400992,6.79007803564001e-05,0,0,0.0255466747694795,0,9.30600580811988e-05,0,4.05466892664841e-05,1.61132643262811,0,0.0110819741480417,0.0367214477679336,0,10
0.280979274079873,0.175850569790268,0.0348999113180986,0.0302602572142803,0,0.00977118548106952,0.00254027054475215,0,0,0,0.163834667680053,0,0.00618959981228676,0.000232947860754115,0,0,0.0153750839640221,7.69934712715018e-05,0,0,0.0369868596988195,0,0.000116604095837162,0,4.78704295504253e-05,1.65487230574083,0,0.0217852826486392,0.0286326748759789,0,10
0.280161418148022,0.0795318559917534,0.0621544682471432,0.0599360742302261,0,0.00644194114671888,0.00189409450630789,0,0,0,0.296232009263326,0,0.00788727114855357,0.000214165007566429,0,0,0.0127738326416541,9.61778779679828e-05,0,0,0.0453478081208896,0,0.000196683935395218,0,6.07034258178957e-05,1.50279557993555,0,0.043278544292966,0.0197503105344665,0,10
0.287681188233826,0.0392272447461299,0.110427260380381,0.111560924076701,0,0.00461906980055095,0.00130324081970877,0,0,0,0.520134960245227,0,0.0106229630770475,0.000207077030784797,0,0,0.0120189959778569,0.000115608028402721,0,0,0.0559317340605441,0,0.000291260473262132,0,8.85736072343884e-05,1.34635852691481,0,0.0822535138483979,0.0118753415481338,0,10
0.311230055142744,0.0195660590352157,0.155737749974411,0.16549052256151,0,0.00352074581007564,0.000942394803257114,0,0,0,0.790686739104523,0,0.0149143185675213,0.000282213791274882,0,0,0.0124693906285759,0.000196174201334332,0,0,0.0579399992778069,0,0.000515076732523436,0,0.000144472686994656,1.23946290089107,0,0.117400508098832,0.00683485213357754,0,10
0.322245231556429,0.009754366963787,0.181572401886668,0.210024303057224,0,0.00309234262582773,0.000792285002022257,0,0,0,1.01568972477683,0,0.0234952658046213,0.00030475507466244,0,0,0.0125479622156749,0.000254661113431458,0,0,0.046371312942821,0,0.00125109983463836,0,0.000203039417053925,1.10953440890379,0,0.152954463974315,0.00409216545069107,0,10
0.314225900114897,0.00523617977146668,0.180709969877104,0.242499313823164,0,0.00281239207783062,0.000652548882819239,0,0,0,1.21228684142995,0,0.0319418480777143,0.000362148865958372,0,0,0.0147395936173079,0.000339340191271088,0,0,0.0354457647452525,0,0.00265285647029472,0,0.000334478008159552,0.969849558320596,0,0.158020976460222,0.00251972401939741,0,10
0.274527526642671,0.0030276630668654,0.13871754575816,0.249570878234473,0,0.00284566201146865,0.000656274221929894,0,0,0,1.30403968779732,0,0.0502634654073993,0.000441731015180522,0,0,0.0213052724958375,0.000428491220453837,0,0,0.0251062861900393,0,0.00443970637763303,0,0.00048070632938431,0.894239666610499,0,0.164376978922682,0.00145208006620679,0,10
0.291085337338461,0.00186324068249096,0.0905474262992881,0.270761059214687,0,0.0033436760242496,0.000573035774646254,0,0,0,1.29713089468651,0,0.0662703816574508,0.000616519886330339,0,0,0.0257849088516403,0.000692491192162249,0,0,0.0169322907293202,0,0.00905839092646873,0,0.000797756801855526,0.819517195170387,0,0.176717304266149,0.000999456936719717,0,10
0.270768839482704,0.00117919132030328,0.0351757160400551,0.281695328347118,0,0.00379872233491251,0.000488974707795023,0,0,0,1.34807300465896,0,0.0912633250980597,0.000830753063794835,0,0,0.0349126772970103,0.00105297179586433,0,0,0.0129788436447014,0,0.0227531139009366,0,0.00108078866684566,0.789386129398889,0,0.188193097341902,0.000749055907374588,0,10
0.280818562631749,0.000891377979571818,0.00954424786597021,0.288624537944726,0,0.00432956370392947,0.000448570542282345,0,0,0,1.25167439900531,0,0.0873012063421683,0.00115184996618461,0,0,0.0550790810693105,0.00159770639527763,0,0,0.00930413880863293,0,0.0406541559921594,0,0.00141035925469194,0.757839233311005,0,0.198239896698728,0.000513665309747579,0,10
0.285598565570083,0.000745559393142754,0.00324886887666898,0.290741987136228,0,0.00569445402395633,0.000468343407054016,0,0,0,1.26712183024205,0,0.0787338495692813,0.00175898851812567,0,0,0.0846800789534113,0.00217391358857091,0,0,0.00715560926683958,0,0.0771834756309399,0,0.00211385782724971,0.662641145561743,0,0.188556449202748,0.000439499910925667,0,10
0.264109346879231,0.000671518462607742,0.0012584612315989,0.293411061691722,0,0.00782007298460721,0.00051330111486598,0,0,0,1.13919978294021,0,0.0773241575022196,0.00286925806820191,0,0,0.102088073073786,0.00263211252219062,0,0,0.00587845953838132,0,0.129767707723452,0,0.00311722797105987,0.600514312134941,0,0.191962769490515,0.000439993322322903,0,10
0.240932312419751,0.000714853710103861,0.000679965425580234,0.299408239392616,0,0.0105338017923311,0.000522846173977789,0,0,0,1.01944693872313,0,0.0730259481590792,0.00403490711115168,0,0,0.148985717907151,0.0038187826978202,0,0,0.00575126475241585,0,0.215706057268625,0,0.00427464545913324,0.587360648342613,0,0.18608780545308,0.000428870659257322,0,10
0.225201482968859,0.000771635471645776,0.000458693749450545,0.269954068801588,0,0.014523005363939,0.00056846794676409,0,0,0,0.72757354745974,0,0.0662709825827611,0.00607652835468871,0,0,0.231399672687872,0.00617395301877477,0,0,0.00650322399357732,0,0.36509659871499,0,0.00625612564723783,0.560974001716165,0,0.163865664989141,0.000497369307277889,0,10
0.215766384184406,0.00111162435308882,0.000327777724884602,0.188663548661977,0,0.0203139350071221,0.000614786704082202,0,0,0,0.481227960416248,0,0.0614220795496865,0.00728437678046297,0,0,0.330676402751897,0.00974895838061146,0,0,0.00785927074252602,0,0.495594979100448,0,0.00788764250776234,0.612611587323323,0,0.120090420136834,0.000714085120595001,0,10
0.209912331278684,0.00193127746546857,0.000264635635266576,0.115164832918331,0,0.0282773799829246,0.000801454522176827,0,0,0,0.233922103952523,0,0.0591915349120566,0.00941292446550935,0,0,0.449919502393889,0.0138131379448539,0,0,0.0128673388159703,0,0.466444307539099,0,0.0104281149637405,0.660202698432721,0,0.0707758502262082,0.00117704820576746,0,10
0.212484612954136,0.00406065977656149,0.000221631275839455,0.04576931129335,0,0.0400513335778909,0.000932624271674324,0,0,0,0.0749586627317787,0,0.052696208987181,0.011710058914106,0,0,0.638514749705986,0.0140394414974007,0,0,0.0230946236202571,0,0.218580871597654,0,0.0113075351996813,0.664314436597747,0,0.0287631193356103,0.00243299076909035,0,10
0.213144728800337,0.00953824439557468,0.000137116272166615,0.0085058490456323,0,0.0418599250042908,0.00116606184290646,0,0,0,0.0110685665514335,0,0.0469013333980554,0.0112123564115977,0,0,0.666791559616386,0.0128311793934966,0,0,0.0427791872249206,0,0.0402192095956932,0,0.00964973645369034,0.759733553207368,0,0.00494383447582753,0.00499738177743307,0,10
0.202099732554166,0.0195187238663568,9.50586664215739e-05,0.00269045258004603,0,0.0384940252547991,0.00139401719617006,0,0,0,0.0030362323311928,0,0.0413805866735679,0.00842510468608049,0,0,0.513722950827211,0.00972410196118824,0,0,0.087541235374388,0,0.00855815143683793,0,0.00720319743985191,0.78363377753959,0,0.00145197788586306,0.00881581442815903,0,10
0.198101973687161,0.0360569780387771,9.17443712634738e-05,0.00184283196469697,0,0.0296881459063256,0.00150320694818337,0,0,0,0.00230371304007495,0,0.0381777676789362,0.00681887241743209,0,0,0.340273696179807,0.0073839916955419,0,0,0.165167045056291,0,0.00347134608771354,0,0.00549820424477771,0.771997909899595,0,0.000995916096247287,0.0146805471193734,0,10
0.211179483720094,0.058636129854561,0.000108981803149889,0.00180103445423232,0,0.0254646894625527,0.00143275881125316,0,0,0,0.00222366853448728,0,0.0332471785392381,0.00526568691877338,0,0,0.228812337217108,0.00574298176120188,0,0,0.318327563269518,0,0.00199392952159498,0,0.00404121782265733,0.726643856501617,0,0.000900917576750446,0.0214536046439564,0,10
0.23671824647241,0.0730672693187948,0.000131566477970919,0.00187708690776616,0,0.0204513250349736,0.00164276560464619,0,0,0,0.00242814284701558,0,0.0300715163925806,0.00378693383655499,0,0,0.157719002606099,0.00436384039996624,0,0,0.568197562815842,0,0.00132351269082515,0,0.00314837138991264,0.742203982146388,0,0.000999802799401177,0.0264322670830218,0,10
0.292215453682872,0.0747486656427769,0.000144271742516006,0.00224699168118662,0,0.014161376399096,0.00166932425414489,0,0,0,0.00287819458604636,0,0.0252226599427171,0.00278907294291864,0,0,0.103040918336607,0.00329600871507419,0,0,0.823160553003917,0,0.00100939847015615,0,0.00250916688600432,0.720681126172541,0,0.00119375786043204,0.0284408140697751,0,10
0.375218258580379,0.0670819992686382,0.000163296738288836,0.00266976373695029,0,0.0118029441843841,0.00147177375293345,0,0,0,0.0033294347968267,0,0.0222101389222758,0.00209282557883215,0,0,0.069372002060597,0.00253836596229526,0,0,1.08803481638723,0,0.000732759995248402,0,0.0019268446096069,0.651619813410635,0,0.00146662888779246,0.0236429086540027,0,10
0.468712622756196,0.0521285900093284,0.000177848836779756,0.00313179126988764,0,0.00918403302901078,0.00121522401982523,0,0,0,0.00365978232482076,0,0.0208446772885796,0.00159856005577845,0,0,0.0492948783758041,0.00196625131419555,0,0,1.36120093919446,0,0.000574542542795807,0,0.00145418737426865,0.657548297663681,0,0.00169052760311244,0.0187743753117986,0,10
0.573956205946501,0.0353039297640649,0.000170479536371563,0.00320806397211262,0,0.00707260341557945,0.00108951176915084,0,0,0,0.00390451142577708,0,0.0217847625604241,0.00114653009999728,0,0,0.0347823949701066,0.00145941966284113,0,0,1.58584767940742,0,0.000501752386728404,0,0.00122727597900917,0.605643010054914,0,0.00169523280210428,0.0145876182536086,0,10
0.678020849623527,0.0252117874087135,0.000155759695854682,0.00309703609877158,0,0.00565437520478361,0.000973384486603841,0,0,0,0.00412762483196179,0,0.0209995857283191,0.000833897379311624,0,0,0.0230222754262938,0.00113549223312895,0,0,1.68494710538459,0,0.000474011677166481,0,0.00104603133534467,0.574940825744788,0,0.00182919056052015,0.0113374765968658,0,10
0.829662341694487,0.017803898694119,0.000146565392737212,0.00343892414761849,0,0.00470457724766723,0.000880597584097575,0,0,0,0.00395423664995364,0,0.0193158271927916,0.000677017421421112,0,0,0.0168655999120019,0.000951728224820945,0,0,1.73496890428586,0,0.000439899251656772,0,0.000929150847934685,0.520576247597831,0,0.00184709751449405,0.00868461744058849,0,10
0.971926631068169,0.0137553086092529,0.00013178548309861,0.00382476149678029,0,0.00387935481908461,0.000687057825579242,0,0,0,0.0044058321682039,0,0.017107052847446,0.000581871397117914,0,0,0.0114259382338875,0.000784895217622319,0,0,1.66210498852231,0,0.000407522197154182,0,0.000712237439895596,0.479611676152528,0,0.00205794285092139,0.00671245618987769,0,10
1.0558522188945,0.0111078044516658,0.000142702099529353,0.00455992544852738,0,0.00324299577579855,0.000581499776461498,0,0,0,0.00457455460076663,0,0.0153240440859756,0.000484732808269125,0,0,0.0081714007574752,0.000626418596164319,0,0,1.56201804761326,0,0.000370728691341693,0,0.000546916748834228,0.434487450823217,0,0.00226207417695917,0.0063804358989963,0,10
1.24235055212446,0.0105644366754212,0.000164292322851513,0.00552782607255065,0,0.00296257957623361,0.000474390482735034,0,0,0,0.00552740789593016,0,0.014190903662329,0.000370319704400416,0,0,0.00648274720092384,0.000516647859193491,0,0,1.45650408878704,0,0.000327988646780991,0,0.000437080019462511,0.396519811072973,0,0.00269274579421839,0.0059749606595364,0,10
1.54141112868078,0.0104872927058614,0.000199428139796167,0.00659421642850543,0,0.0024165922210133,0.00039842529546678,0,0,0,0.00803181090041279,0,0.0127595142745729,0.000324215713729739,0,0,0.00520938008824543,0.000428412422846713,0,0,1.30619181875749,0,0.000307291180948264,0,0.00036118835586954,0.366123312872989,0,0.00319855836108783,0.00582775475093868,0,10
1.80052510244239,0.0109351300504759,0.000268511919477222,0.00934986817371094,0,0.00221994215396077,0.000331962105290982,0,0,0,0.0114753210868556,0,0.0126196289523254,0.000265588040533669,0,0,0.00463587622552111,0.00035424237529393,0,0,1.07060658777522,0,0.000287759913859789,0,0.000284531532389007,0.318561190635287,0,0.0050045346252323,0.00716258324079687,0,10
1.98552059910647,0.0131184667361043,0.000372539978459324,0.0145040393977218,0,0.00204734992941836,0.000282476392454201,0,0,0,0.0181636597559097,0,0.0120113409078406,0.000266351862882739,0,0,0.0044302505951804,0.000280856988645282,0,0,0.806656357859135,0,0.000283573663710813,0,0.000229589912150995,0.292839398603634,0,0.00819426621881299,0.00912905075526221,0,10
2.16004900860173,0.0198614409240939,0.00068899095853646,0.0272269171523446,0,0.00186300922105635,0.000231761545277056,0,0,0,0.0335656017793751,0,0.0107974391729502,0.0002583474002998,0,0,0.00393162102661978,0.000236720023482343,0,0,0.459631583739828,0,0.000250850510610329,0,0.000198154361175329,0.275467595304727,0,0.0146847250287186,0.0135223365261084,0,10
2.2717990171396,0.0331558706290022,0.0012839794044299,0.0557083842594921,0,0.00198321137721976,0.000149138276688942,0,0,0,0.0739299392494766,0,0.010291490634993,0.000263899618180922,0,0,0.00389995779438309,0.000184590346557952,0,0,0.106567422688147,0,0.000314831237849696,0,0.000172502432447126,0.27209108223278,0,0.0319556767913429,0.0221996041075913,0,10
2.08660207208756,0.0560457951305987,0.00251951364875009,0.127053477035288,0,0.00217228442244968,9.7950894261936e-05,0,0,0,0.161082776684748,0,0.00981364315289465,0.00030183845163105,0,0,0.00440727632046965,0.00015310509529038,0,0,0.013866214296272,0,0.000416435881789597,0,0.00014590312693407,0.270107590203907,0,0.0693540541631293,0.0399232320183548,0,10
2.05050502692288,0.0846453117173012,0.00423778680126688,0.250348413307904,0,0.00259942374217092,6.6275988972363e-05,0,0,0,0.306590472857914,0,0.00913945277342718,0.000433778771788863,0,0,0.00653978133239183,0.000141488609574168,0,0,0.00244575325836788,0,0.000706999563811458,0,0.000126797674272462,0.241992759024479,0,0.133017416916927,0.0620586502126061,0,10
1.94990409447025,0.108352964331053,0.00578534153576819,0.390558035934137,0,0.00356978954504108,5.6403689564672e-05,0,0,0,0.512117841927727,0,0.00917991176642849,0.000645461805833839,0,0,0.0102785707161419,0.00014512342807122,0,0,0.000706993223493527,0,0.00141366351931985,0,0.000138015998173681,0.252614669403613,0,0.216790319248494,0.0781326553448597,0,10
1.94327798230079,0.115388639995699,0.00662655298083801,0.462133745421676,0,0.00621434250435941,4.52524051613598e-05,0,0,0,0.684787091350086,0,0.00827215121831424,0.00114085046175346,0,0,0.0162275785950944,0.000160780267560012,0,0,0.000231975477347507,0,0.00267131361616047,0,0.000140293014781992,0.237106973026025,0,0.249083511267402,0.0855676981286233,0,10
1.80887403493465,0.111119223943756,0.00658128938076234,0.56838511060662,0,0.0104080452796217,3.97044778722561e-05,0,0,0,0.774777262413859,0,0.00746606379466267,0.00178951733751142,0,0,0.0281646035329748,0.000174936897955459,0,0,9.87651998056737e-05,0,0.00512492516325198,0,0.000153020023754667,0.233406830057048,0,0.257485623639626,0.0825573146752203,0,10
1.8062941168262,0.0887569822860686,0.00628059670700757,0.554670289648833,0,0.0174006149416554,3.7465397523682e-05,0,0,0,0.830740267786185,0,0.0070025044532211,0.00294119287364092,0,0,0.0504241935631669,0.00018088100905879,0,0,4.15206068659356e-05,0,0.00949136360411159,0,0.000170541108133857,0.235190251690979,0,0.26799721147511,0.0662793566386514,0,10
1.74756732349976,0.0796313370286751,0.00581396812028816,0.617934220513291,0,0.0273384018240044,3.72859963857351e-05,0,0,0,0.822292757401988,0,0.00678309550253998,0.0050978826934112,0,0,0.0956222493539792,0.00019849390738536,0,0,2.25521632585325e-05,0,0.0225061765551941,0,0.000205163052967727,0.215028753894164,0,0.272155493990048,0.0563319949452012,0,10
1.67933360265149,0.07701971794397,0.00522763488026199,0.543733509470822,0,0.0387338948396445,3.54911205252036e-05,0,0,0,0.787046782108688,0,0.00701950615322472,0.00799972715723292,0,0,0.175585122065318,0.000229882627670675,0,0,1.35350053724095e-05,0,0.0449941173486045,0,0.000226812324849351,0.184966924076499,0,0.259037008094093,0.0527108332537381,0,10
1.42697651881503,0.0806642839198812,0.00469692546849735,0.4205382519878,0,0.053454159751743,3.72159055584452e-05,0,0,0,0.702091882999353,0,0.00652484099944987,0.0125169887055329,0,0,0.317167992616662,0.000291075274916997,0,0,1.06693761000057e-05,0,0.0811865175024107,0,0.000257506657227733,0.195360902555696,0,0.21857998476266,0.0519596007018658,0,10
1.47965046022753,0.102436409348393,0.00442290639773444,0.256310973411883,0,0.0847111957016619,3.80669217639716e-05,0,0,0,0.476843449621229,0,0.00641684844465958,0.0191521796300644,0,0,0.592380536312931,0.00033362506688492,0,0,9.55167404453232e-06,0,0.128081876618651,0,0.000295626042786406,0.197987414061842,0,0.133687154138726,0.0657827896076864,0,10
1.48793141439777,0.190801751700073,0.00298595242332105,0.0551729094049821,0,0.12188553730931,3.9361394710099e-05,0,0,0,0.105347277573044,0,0.00595101180328998,0.0263884799146314,0,0,0.942189882026181,0.00030052364562164,0,0,1.09651752272697e-05,0,0.0702322872927862,0,0.000284561594952926,0.204827539849196,0,0.02688397455021,0.0899155564555298,0,10
1.46744235117646,0.37402974617124,0.000510613684190711,0.00211410265672243,0,0.139106068066657,3.68928777693261e-05,0,0,0,0.00330763634131665,0,0.00512223498191709,0.022967231532062,0,0,1.02261653636979,0.000185228400056242,0,0,1.27522577975847e-05,0,0.00675319158775897,0,0.000179874050910602,0.223344837562791,0,0.00108408068154291,0.119242604618065,0,10
1.48091008570814,0.73991327282637,0.000147978152084349,0.000283424951373767,0,0.167903169857758,3.67281542717006e-05,0,0,0,0.000469311286706535,0,0.00486842335465244,0.0179983401489129,0,0,0.916870721568931,0.000107659247459665,0,0,1.39615802825672e-05,0,0.00115188171779445,0,0.000104993663110218,0.232680445273445,0,0.000175008775874581,0.123586823683556,0,10
1.40924325964407,1.13636177499706,5.26596878973012e-05,7.96680304496793e-05,0,0.184785488813883,4.25190225014788e-05,0,0,0,0.00012663190468522,0,0.00460044897055684,0.0126805285651493,0,0,0.829408517834544,7.20582866561455e-05,0,0,1.46435937733299e-05,0,0.000329652624806094,0,6.69068875191766e-05,0.285426698073032,0,4.64001748982275e-05,0.0934656697329029,0,10
1.46377857840251,1.47795749016566,2.05524673291642e-05,2.63047692612561e-05,0,0.196415903280484,4.31045118477811e-05,0,0,0,4.46085295741143e-05,0,0.00392224807137076,0.00824174696843566,0,0,0.809782318828397,4.45589251880079e-05,0,0,1.20544731298734e-05,0,0.000106678672000485,0,4.61893367628432e-05,0.275702713540304,0,1.620735945941e-05,0.056269984110827,0,10
1.46537587854684,1.65056977995588,1.136913576351e-05,1.281679431196e-05,0,0.189289090760483,4.76196083029551e-05,0,0,0,2.45837244151292e-05,0,0.00370224489183777,0.00544277824209465,0,0,0.6665419655427,2.96037534759565e-05,0,0,8.28416598828312e-06,0,5.31380187157629e-05,0,2.95930876790655e-05,0.300018429408558,0,7.66571949437866e-06,0.0311067447339016,0,10
1.42559264792557,1.69360327736819,5.72408558406295e-06,5.66467381766985e-06,0,0.168271487757817,5.05916289841573e-05,0,0,0,1.10179776629851e-05,0,0.00338398388606719,0.00340964979793483,0,0,0.703939229296118,2.06508845087277e-05,0,0,6.19796503423132e-06,0,2.59818394235933e-05,0,1.98307847810643e-05,0.35545073015916,0,3.92220412687987e-06,0.0176568306140409,0,10
1.44229690143776,1.79963697998029,3.55029436140742e-06,3.5876308608825e-06,0,0.152734354428386,6.22529948643227e-05,0,0,0,7.16120842346536e-06,0,0.00309848340939064,0.00263401757066233,0,0,0.599236200992393,1.40725149179933e-05,0,0,4.63852581405588e-06,0,1.60843635719494e-05,0,1.22566445410247e-05,0.402082537437993,0,2.21716568251966e-06,0.011094742084205,0,10
1.37747384176715,1.74527641947878,2.34951919840425e-06,2.28200550241532e-06,0,0.131541923332533,6.61459285679503e-05,0,0,0,4.72457711712322e-06,0,0.00295883681138536,0.00220340870369675,0,0,0.560055617453574,9.59790008843563e-06,0,0,3.48068508831523e-06,0,9.41356948935537e-06,0,8.83073754955137e-06,0.440795035899124,0,1.41347886675241e-06,0.00709442034979247,0,10
1.44267128549239,1.70700830607534,1.66875469113275e-06,1.5477715571112e-06,0,0.12159821521006,6.979308642449e-05,0,0,0,3.22927969255827e-06,0,0.00288322720175612,0.00170984485099407,0,0,0.499531886263273,7.11857593080492e-06,0,0,2.57494304645441e-06,0,6.17332779468885e-06,0,6.32368451459907e-06,0.519488305344292,0,0,0.00515768462962059,0,10
1.49415088563993,1.72970191274059,1.19788987986985e-06,1.07627187188073e-06,0,0.101298475374364,6.5663511095499e-05,0,0,0,2.2178169573324e-06,0,0.00283737649219299,0.0014187305496861,0,0,0.439516060088976,4.81725563541562e-06,0,0,1.99077653911254e-06,0,4.00942180992659e-06,0,4.41711105479617e-06,0.571361023040395,0,0,0.00358307631666604,0,10
1.47591922843561,1.66841907558507,0,0,0,0.0892100049135434,6.98005602749262e-05,0,0,0,1.42832475908236e-06,0,0.00255528629600778,0.00122164846288664,0,0,0.389015287920149,3.75236608049666e-06,0,0,1.65713157949101e-06,0,2.62929420326065e-06,0,3.28356349836283e-06,0.734692637308387,0,0,0.00258906529340356,0,10
1.43483043779226,1.61868743344102,0,0,0,0.0836148745988375,6.80849250477136e-05,0,0,0,0,0,0.00232315619616858,0.000870953907935415,0,0,0.337159558976848,3.02958375000818e-06,0,0,1.45162284548655e-06,0,1.46565928660847e-06,0,2.40723569308896e-06,0.784844936213916,0,0,0.00200102493273107,0,10
1.48454153186436,1.56902918328535,0,0,0,0.0743819119239153,7.26711922007394e-05,0,0,0,0,0,0.00218309541987289,0.000649449555858643,0,0,0.288668053130298,2.30361870083113e-06,0,0,1.28275036984295e-06,0,0,0,1.85405840344105e-06,0.905160821279925,0,0,0.00149079220354545,0,10
1.43966152479055,1.34265548517887,0,0,0,0.0607549618304804,6.02651864045139e-05,0,0,0,0,0,0.00192340183417807,0.000473800889392236,0,0,0.255748583816278,1.64531279443824e-06,0,0,1.19007003810219e-06,0,0,0,1.38319231853743e-06,1.07853302303675,0,0,0.00123834082882154,0,10
1.3929951197344,1.29044175081778,0,0,0,0.0539092302767299,6.65148018014168e-05,0,0,0,0,0,0.00188511767604349,0.00037830034727013,0,0,0.198590601352428,1.32371523598675e-06,0,0,1.28191381409121e-06,0,0,0,1.04283905995663e-06,1.23551964152357,0,0,0.00108602570897693,0,10
1.38814776080881,1.24072320351363,0,0,0,0.0471070476163214,5.69427948454896e-05,0,0,0,0,0,0.00180680411551121,0.000305216731446865,0,0,0.168905070316678,0,0,0,1.30794062702072e-06,0,0,0,0,1.12369645542921,0,0,0.00106965955658602,0,10
1.2476111083705,1.19957952306128,0,0,0,0.041424894019061,5.0793138534533e-05,0,0,0,0,0,0.00171270421257007,0.000229773560804848,0,0,0.145598738852887,0,0,0,1.16338085367732e-06,0,0,0,0,1.30429547975316,0,0,0.00108966355201576,0,10
1.227373876472,1.06348334476612,0,0,0,0.0336208444939948,4.41150490005549e-05,0,0,0,0,0,0.00163555695655196,0.000183811136400034,0,0,0.115846120666009,0,0,0,1.06801419488112e-06,0,0,0,0,1.39974671355808,0,0,0.00112777144130325,0,10
1.1698163822668,0.91162938040394,0,0,0,0.0255210262283485,3.91748770745025e-05,0,0,0,0,0,0.00148017565291228,0.000144213662758108,0,0,0.0904600972650171,0,0,0,1.21500284488362e-06,0,0,0,0,1.49872423851392,0,0,0.00139553084328731,0,10
1.16490003698853,0.794852922810272,0,0,0,0.020241659035925,3.33584379594384e-05,0,0,0,0,0,0.00130948720283573,0.000116654989934226,0,0,0.0681125002995139,0,0,0,1.30180356397826e-06,0,0,0,0,1.54823698302347,0,0,0.00168822105807177,0,10
1.1086377805266,0.656517656344563,0,0,0,0.0145747629710147,3.00339901412364e-05,0,0,0,0,0,0.0012098113014463,0.000101893700480113,0,0,0.0495234153865821,0,0,0,1.6029928390967e-06,0,0,0,0,1.51870123435196,0,0,0.00220005307000207,0,10
1.0313765611149,0.413314709120291,0,0,0,0.0112265783044185,2.63083124838661e-05,0,0,0,0,0,0.0011515976067404,7.88300938004687e-05,0,0,0.0313038481854104,0,0,0,2.17381548548471e-06,0,0,0,0,1.64145016076494,0,0,0.00269195722730799,0,10
0.949434004898235,0.179166622434408,0,0,0,0.00691893195807344,2.10135345316218e-05,0,0,0,0,0,0.00117180021790055,6.39128613639911e-05,0,0,0.0151056355053272,0,0,0,3.46307723227751e-06,0,0,0,0,1.64541485030516,0,0,0.00292083339767219,0,10
0.930563210659834,0.0668545812122028,0,0,0,0.00352519280706202,1.35600678181673e-05,0,0,0,0,0,0.00116921507097091,4.71822710087e-05,0,0,0.00806249141655398,0,0,0,5.06209003103931e-06,0,0,0,0,1.47521036794298,0,0,0.00304172283714899,0,10
0.871960454753837,0.0298370273167401,0,0,0,0.00197709910163079,8.89833790679406e-06,0,0,0,0,0,0.00120178339988999,3.35392101885707e-05,0,0,0.00396397137678493,0,0,0,8.69385674498597e-06,0,0,0,0,1.32285355942706,0,0,0.0028549812797623,0,10
0.865296607015001,0.0191883245687108,0,0,0,0.00117838284956334,5.7245653383517e-06,0,0,0,0,0,0.00102392540629298,2.80225423449183e-05,0,0,0.00230405097535931,0,0,0,1.24035623216795e-05,0,0,0,0,1.11453117149537,0,0,0.00308139962731314,0,10
0.88761151493676,0.0139704206050394,0,0,0,0.000784292399528463,4.06062427611745e-06,0,0,0,0,0,0.00100137485104475,2.12312108942426e-05,0,0,0.00132316572485219,0,0,0,1.88918349256982e-05,0,0,0,0,0.992014376983022,0,0,0.00344341039175137,0,10
0.887735880732647,0.0137434164561553,0,0,0,0.000543161892185159,2.56104658581573e-06,0,0,0,0,0,0.000951805875290458,1.72454339563657e-05,0,0,0.000875175428698421,0,0,0,2.61401574789204e-05,0,0,0,0,0.887615615002974,0,0,0.00405602637613319,0,10
0.879910432963006,0.0150610258583968,0,0,0,0.000440211590322457,1.87698992383301e-06,0,0,0,0,0,0.000900951435092394,1.37690263084612e-05,0,0,0.000630668838428633,0,0,0,3.36270250459673e-05,0,0,0,0,0.721944117497208,0,0,0.00548721321022343,0,10
0.911644328401023,0.0177339555040738,0,0,0,0.000341252704535766,1.36842039899307e-06,0,0,0,0,0,0.000880007939703148,1.18886579201932e-05,0,0,0.000450619976797708,0,0,0,3.96133368852896e-05,0,0,0,0,0.620972844559381,0,0,0.00850395635492631,0,10
0.921174024476429,0.0226884183917234,0,0,0,0.00028944111347092,1.06970453239883e-06,0,0,0,0,0,0.000796002489768058,9.93666977304186e-06,0,0,0.000361652078563438,0,0,0,4.49139729049152e-05,0,0,0,0,0.572984545782145,0,0,0.0105025250114885,0,10
0.843820641840509,0.0294732272193844,0,0,0,0.00024314780741391,0,0,0,0,0,0,0.000783712471237363,8.95557234423799e-06,0,0,0.000294024952506655,0,0,0,3.96063428740256e-05,0,0,0,0,0.492649641386912,0,0,0.0158454193367197,0,10
0.767433111852421,0.0389084454511961,0,0,0,0.000210386846359751,0,0,0,0,0,0,0.00072317935928228,7.45634241414539e-06,0,0,0.000223586717163441,0,0,0,2.90152655903038e-05,0,0,0,0,0.447456651994165,0,0,0.0243748106804955,0,10
0.770135534703067,0.0559454265428439,0,0,0,0.000215031076829766,0,0,0,0,0,0,0.000631596606712724,6.53789184013799e-06,0,0,0.000197856981175648,0,0,0,2.22940141801757e-05,0,0,0,0,0.388109684318938,0,0,0.0379021045193266,0,10
0.792976735629324,0.0815564274446501,0,0,0,0.000234625472521214,0,0,0,0,0,0,0.000614542592925614,5.66881071854506e-06,0,0,0.000164425394227888,0,0,0,1.58903239830987e-05,0,0,0,0,0.390273617434191,0,0,0.0582024457717247,0,10
0.706000695202114,0.120342707139163,0,0,0,0.000232650520891615,0,0,0,0,0,0,0.000506903432564912,4.85449147484641e-06,0,0,0.000146074816124339,0,0,0,1.62547231686916e-05,0,0,0,0,0.385939952906896,0,0,0.0921162946083708,0,10
0.679574406181028,0.176578485258711,0,0,0,0.000287653861320232,0,0,0,0,0,0,0.000511343850273601,4.42028402094829e-06,0,0,0.00013620625653468,0,0,0,1.49652948181967e-05,0,0,0,0,0.393044721554304,0,0,0.134248031531257,0,10
0.714746904757333,0.285357853974265,0,0,0,0.000383982448236269,0,0,0,0,0,0,0.000476048198952815,3.81144059575824e-06,0,0,0.000118372846605215,0,0,0,1.22951464948387e-05,0,0,0,0,0.394402772025706,0,0,0.213529177826023,0,10
0.650450434202029,0.408653709510114,0,0,0,0.000552301592740924,0,0,0,0,0,0,0.000402879592311811,3.39738225486923e-06,0,0,0.000101432785524659,0,0,0,1.04160423244351e-05,0,0,0,0,0.425576171226727,0,0,0.310159871507221,0,10
0.656477744284698,0.560316186213086,0,0,0,0.000855679804558935,0,0,0,0,0,0,0.000384369231824289,3.27845955638379e-06,0,0,9.18054944026601e-05,0,0,0,7.59214695469175e-06,0,0,0,0,0.460174892714011,0,0,0.459214619444679,0,10
0.639644783560379,0.667764461692607,0,0,0,0.00143463096374289,0,0,0,0,0,0,0.000386642158778926,2.88434727762231e-06,0,0,9.18753229266266e-05,0,0,0,5.72896758443676e-06,0,0,0,0,0.546647499705358,0,0,0.574173869564168,0,10
0.622773245077408,0.714188059983132,0,0,0,0.00204212471298377,0,0,0,0,0,0,0.000356412346432537,2.81903335379354e-06,0,0,8.19614522932192e-05,0,0,0,3.69335616884071e-06,0,0,0,0,0.651620616896614,0,0,0.622424642968547,0,10
0.587309107229747,0.737418493650352,0,0,0,0.00366623859145503,0,0,0,0,0,0,0.000343276532698779,2.53173910635049e-06,0,0,7.45196135913187e-05,0,0,0,2.63174511762062e-06,0,0,0,0,0.785464758469058,0,0,0.736961118289284,0,10
0.532386611775002,0.682139697201784,0,0,0,0.00659352896499245,0,0,0,0,0,0,0.000329127970707991,2.43204660719073e-06,0,0,6.66080568136427e-05,0,0,0,2.06497969543092e-06,0,0,0,0,0.836664202251238,0,0,0.732119952138525,0,10
0.492135340839778,0.650277696407368,0,0,0,0.0108650844809161,0,0,0,0,0,0,0.000286694137329954,2.32646893419623e-06,0,0,5.80286195338872e-05,0,0,0,1.68239194578989e-06,0,0,0,0,0.977461541871095,0,0,0.746135918243574,0,10
0.473943294917295,0.584563694023159,0,0,0,0.0204057650335558,0,0,0,0,0,0,0.000286063156984368,2.10742904574956e-06,0,0,5.42499702521336e-05,0,0,0,1.51887433659317e-06,0,0,0,0,0.984865055173185,0,0,0.733577797208707,0,10
0.469232906297608,0.589648291994679,0,0,0,0.0304366316199555,0,0,0,0,0,0,0.000258849889296429,2.0113011932032e-06,0,0,4.86099267485481e-05,0,0,0,1.37823056960539e-06,0,0,0,0,1.02943036972366,0,0,0.663427439021946,0,10
0.504321221368775,0.642915558325613,0,0,0,0.0442910312622307,0,0,0,0,0,0,0.000247042868155811,1.94571992025383e-06,0,0,4.33326209848888e-05,0,0,0,1.32575186448048e-06,0,0,0,0,1.03002626588207,0,0,0.621390962999382,0,10
0.540751018758871,0.65602181385115,0,0,0,0.0605828818648199,0,0,0,0,0,0,0.000222213858470928,1.82578391815384e-06,0,0,4.00865902352877e-05,0,0,0,1.16029179820978e-06,0,0,0,0,1.01980368538585,0,0,0.583704102165811,0,10
0.552775455560216,0.646725760025823,0,0,0,0.0745816299994505,0,0,0,0,0,0,0.00021180783920416,1.74167139651859e-06,0,0,3.65415095324916e-05,0,0,0,1.15395194723055e-06,0,0,0,0,1.10264403759538,0,0,0.440532255519009,0,10
0.526063773844188,0.633618826292038,0,0,0,0.0955222456852195,0,0,0,0,0,0,0.000205394377213733,1.68184762248363e-06,0,0,3.17815096826345e-05,0,0,0,1.11670712289259e-06,0,0,0,0,1.2968652716173,0,0,0.306264972347214,0,10
0.528183523726716,0.497294222541625,0,0,0,0.111389441634227,0,0,0,0,0,0,0.000184844906840523,1.38220319636285e-06,0,0,2.62071082249756e-05,0,0,0,1.2468071026925e-06,0,0,0,0,1.43103068634175,0,0,0.188651050464976,0,10
0.53058537088699,0.372154581260616,0,0,0,0.111641981690094,0,0,0,0,0,0,0.000191569877961556,1.2057184736897e-06,0,0,2.03485212754321e-05,0,0,0,1.60164242730581e-06,0,0,0,0,1.43625685257259,0,0,0.0863559853029208,0,10
0.50606625366698,0.242322489362641,0,0,0,0.0741052653955842,0,0,0,0,0,0,0.000180406542899822,0,0,0,1.73278836278516e-05,0,0,0,2.31014628450661e-06,0,0,0,0,1.38675695412976,0,0,0.0352282415288001,0,10
0.513969080536024,0.10210759022932,0,0,0,0.0377625879220884,0,0,0,0,0,0,0.000184341107739157,0,0,0,1.29516894366597e-05,0,0,0,3.23466912005614e-06,0,0,0,0,1.37887307764025,0,0,0.0105574914277406,0,10
0.516830611347182,0.0292530071201549,0,0,0,0.0136353883646254,0,0,0,0,0,0,0.000178246243738025,0,0,0,9.39931452824141e-06,0,0,0,4.66670664656463e-06,0,0,0,0,1.2561000369667,0,0,0.00421435353605727,0,10
0.50539562318489,0.0131005074458647,0,0,0,0.00620375997540575,0,0,0,0,0,0,0.000158702353544802,0,0,0,7.2419555848154e-06,0,0,0,6.95644709973489e-06,0,0,0,0,1.01700408162127,0,0,0.00316567695287713,0,10
0.49261652900742,0.00806722647145564,0,0,0,0.00325848267333628,0,0,0,0,0,0,0.000140590981738361,0,0,0,5.78368630042375e-06,0,0,0,1.02179273368637e-05,0,0,0,0,0.902741377995885,0,0,0.00258905906748885,0,10
0.458059839184883,0.00652066680895316,0,0,0,0.00176598009163941,0,0,0,0,0,0,0.000126579226695933,0,0,0,4.70096540166356e-06,0,0,0,1.44324672793067e-05,0,0,0,0,0.777796622498202,0,0,0.00244573355416271,0,10
0.482933553216375,0.00652384738266541,0,0,0,0.00113411039384293,0,0,0,0,0,0,0.000107075806110123,0,0,0,3.92838787323525e-06,0,0,0,1.73444711758308e-05,0,0,0,0,0.657102643208201,0,0,0.00255473268046875,0,10
0.462919512030238,0.00628049616391701,0,0,0,0.000791733895118628,0,0,0,0,0,0,9.93694231264082e-05,0,0,0,2.91550078785086e-06,0,0,0,2.28548150703086e-05,0,0,0,0,0.619320348838093,0,0,0.00298606215674704,0,10
0.483530006452371,0.00701514184632229,0,0,0,0.000541038054184695,0,0,0,0,0,0,8.7443068102092e-05,0,0,0,2.36131157897929e-06,0,0,0,2.93147062058186e-05,0,0,0,0,0.553242675122406,0,0,0.00378233347168913,0,10
0.450007210409412,0.0090078131583756,0,0,0,0.000406699621770314,0,0,0,0,0,0,8.17142266540182e-05,0,0,0,2.13103775387403e-06,0,0,0,4.09324496205507e-05,0,0,0,0,0.475480133701899,0,0,0.00545662999077757,0,10
0.490977172117834,0.0109656312396015,0,0,0,0.00034379190338582,0,0,0,0,0,0,7.63928964500595e-05,0,0,0,1.96145425536831e-06,0,0,0,4.69369083282356e-05,0,0,0,0,0.407443743117308,0,0,0.00794253500014698,0,10
0.531903372052357,0.0153212885907252,0,0,0,0.000320629460140481,0,0,0,0,0,0,6.82628046656065e-05,0,0,0,1.70314731462571e-06,0,0,0,4.4511851818565e-05,0,0,0,0,0.364488018644072,0,0,0.0119792971626236,0,10
0.53913921285401,0.0241982845410894,0,0,0,0.000281169952646094,0,0,0,0,0,0,6.20421716456263e-05,0,0,0,1.38903216048599e-06,0,0,0,4.70273063998318e-05,0,0,0,0,0.321613753665136,0,0,0.0184569094994936,0,10
0.533358463448154,0.0373980158666868,0,0,0,0.000282665927392074,0,0,0,0,0,0,5.75462294255572e-05,0,0,0,1.22607899756555e-06,0,0,0,4.84245237518944e-05,0,0,0,0,0.296376411039904,0,0,0.0285904359966713,0,10
0.496915106765828,0.0518362905581918,0,0,0,0.000285699505839587,0,0,0,0,0,0,5.86796962770027e-05,0,0,0,1.0973398785398e-06,0,0,0,4.51364611906384e-05,0,0,0,0,0.310137249196963,0,0,0.0439075311054017,0,10
0.484439709563524,0.079634453793869,0,0,0,0.000340749240175476,0,0,0,0,0,0,5.55296094402263e-05,0,0,0,0,0,0,0,4.83196653371656e-05,0,0,0,0,0.296310313546275,0,0,0.0713233051453076,0,10
0.53259602352098,0.125701305267619,0,0,0,0.000446714340174246,0,0,0,0,0,0,5.0434632330889e-05,0,0,0,0,0,0,0,4.3816780526667e-05,0,0,0,0,0.277745023630708,0,0,0.12661945349528,0,10
0.503972325302788,0.209616193720883,0,0,0,0.000695774776673589,0,0,0,0,0,0,4.44016010862686e-05,0,0,0,0,0,0,0,3.84199204608966e-05,0,0,0,0,0.322498428578456,0,0,0.196355600462755,0,10
0.486975537595745,0.330845352340995,0,0,0,0.00110817914105629,0,0,0,0,0,0,4.03195646464591e-05,0,0,0,0,0,0,0,3.82724611869495e-05,0,0,0,0,0.296386370969002,0,0,0.297103453588884,0,10
0.468382828498559,0.502290521652496,0,0,0,0.00185114197960175,0,0,0,0,0,0,3.90414753369815e-05,0,0,0,0,0,0,0,3.30216001674608e-05,0,0,0,0,0.322310382406587,0,0,0.463002412938829,0,10
0.500140149438613,0.603512538630839,0,0,0,0.00331422374952688,0,0,0,0,0,0,3.75965814339035e-05,0,0,0,0,0,0,0,2.46459378355236e-05,0,0,0,0,0.34835374217625,0,0,0.659955691727765,0,10
0.471002608176932,0.722679896250144,0,0,0,0.0061396966976043,0,0,0,0,0,0,3.42825823734144e-05,0,0,0,0,0,0,0,1.67564324675157e-05,0,0,0,0,0.396154180559005,0,0,0.832622141496668,0,10
0.4726214669136,0.747420715725646,0,0,0,0.0100120569834529,0,0,0,0,0,0,3.31809076476006e-05,0,0,0,0,0,0,0,1.03835826907011e-05,0,0,0,0,0.454928408452594,0,0,0.810661131486505,0,10
0.463461492613989,0.78177060923501,0,0,0,0.0174383319055912,0,0,0,0,0,0,3.27894475241646e-05,0,0,0,0,0,0,0,6.93964289239892e-06,0,0,0,0,0.507822043724589,0,0,0.837915263694174,0,10
0.44541595451535,0.795266166494043,0,0,0,0.0325005466011059,0,0,0,0,0,0,3.21904042719249e-05,0,0,0,0,0,0,0,4.70016811628244e-06,0,0,0,0,0.537180790206675,0,0,0.829726689807344,0,10
0.433707488945789,0.754811105777956,0,0,0,0.0585362067729408,0,0,0,0,0,0,2.97164667082175e-05,0,0,0,0,0,0,0,3.32760653862662e-06,0,0,0,0,0.581304767990421,0,0,0.729008460468765,0,10
0.399180929555652,0.86097198364309,0,0,0,0.103163285525271,0,0,0,0,0,0,2.62902761864067e-05,0,0,0,0,0,0,0,2.9371305669522e-06,0,0,0,0,0.657128383739685,0,0,0.579185020688741,0,10
0.375274973355807,0.855564787743352,0,0,0,0.181837103528445,0,0,0,0,0,0,2.38871776375551e-05,0,0,0,0,0,0,0,2.61820139788183e-06,0,0,0,0,0.694168158801255,0,0,0.385493470255034,0,10
0.373797097852987,0.928630011621019,0,0,0,0.256310596582243,0,0,0,0,0,0,2.25437246603756e-05,0,0,0,0,0,0,0,2.85624916086053e-06,0,0,0,0,0.759951376482552,0,0,0.177062001238849,0,10
0.35356501596568,1.03527630749473,0,0,0,0.284619529132269,0,0,0,0,0,0,1.95087872287038e-05,0,0,0,0,0,0,0,2.95010868843278e-06,0,0,0,0,0.8336263475422,0,0,0.00834799992707059,0,10
0.355776556925652,1.21982615862063,0,0,0,0.253576195043292,0,0,0,0,0,0,1.93817375722685e-05,0,0,0,0,0,0,0,3.17412618654836e-06,0,0,0,0,0.925076768989701,0,0,0.000375899160887551,0,10
0.356934663910973,1.13056337276612,0,0,0,0.219710348791979,0,0,0,0,0,0,1.91050301155385e-05,0,0,0,0,0,0,0,3.16898271018925e-06,0,0,0,0,1.08183113813353,0,0,6.98677878707216e-05,0,10
0.363646853954898,1.05274641378852,0,0,0,0.17482029759337,0,0,0,0,0,0,1.76568696550732e-05,0,0,0,0,0,0,0,3.59855704816481e-06,0,0,0,0,1.19125892257276,0,0,3.27485842288192e-05,0,10
0.38321032064491,1.02677431226126,0,0,0,0.135153411637761,0,0,0,0,0,0,1.62379798734786e-05,0,0,0,0,0,0,0,3.55767588399469e-06,0,0,0,0,1.25180481762607,0,0,2.10930887441825e-05,0,10
0.414053397104044,0.8625264635039,0,0,0,0.0996547856242568,0,0,0,0,0,0,1.51135556757435e-05,0,0,0,0,0,0,0,3.61460338785209e-06,0,0,0,0,1.40043929923978,0,0,1.97555011814812e-05,0,10
0.412585155892032,0.597678061269771,0,0,0,0.0717660266998171,0,0,0,0,0,0,1.31350151419677e-05,0,0,0,0,0,0,0,4.45314970943286e-06,0,0,0,0,1.5073245370792,0,0,2.19964501888107e-05,0,10
0.436394072940422,0.418219144646951,0,0,0,0.0454235860899842,0,0,0,0,0,0,1.14503101026142e-05,0,0,0,0,0,0,0,5.60156401619014e-06,0,0,0,0,1.44426780622366,0,0,2.97887091550062e-05,0,10
0.464950843819965,0.161073818493254,0,0,0,0.0212208364826918,0,0,0,0,0,0,9.82816310495927e-06,0,0,0,0,0,0,0,7.22729838463383e-06,0,0,0,0,1.44009983118512,0,0,4.06083263294402e-05,0,10
0.462712935956881,0.0151975956852705,0,0,0,0.00561087596305495,0,0,0,0,0,0,8.84393536699081e-06,0,0,0,0,0,0,0,1.01788493343604e-05,0,0,0,0,1.42373301826936,0,0,4.64571488372565e-05,0,10
0.426646026858181,0.00400795754376733,0,0,0,0.00188515398290024,0,0,0,0,0,0,8.55585668465768e-06,0,0,0,0,0,0,0,1.44579123931445e-05,0,0,0,0,1.158876410755,0,0,5.58484340681191e-05,0,10
0.419499350693883,0.00157001816360099,0,0,0,0.000728420124370596,0,0,0,0,0,0,7.79530794635626e-06,0,0,0,0,0,0,0,2.07533167123997e-05,0,0,0,0,1.07748157170751,0,0,6.63075151087436e-05,0,10
0.402410586080469,0.0011215366781604,0,0,0,0.000360535064617874,0,0,0,0,0,0,7.1136326734196e-06,0,0,0,0,0,0,0,2.98529687636199e-05,0,0,0,0,0.899220218706995,0,0,8.04464621165317e-05,0,10
0.384182003744043,0.000972690295530178,0,0,0,0.000216196018217155,0,0,0,0,0,0,5.92835948438555e-06,0,0,0,0,0,0,0,4.05648959105437e-05,0,0,0,0,0.768216944919896,0,0,0.000103243226265681,0,10
0.383543113876189,0.00103369733052948,0,0,0,0.000151782519303525,0,0,0,0,0,0,5.69568983527884e-06,0,0,0,0,0,0,0,5.57806751915348e-05,0,0,0,0,0.652460367876614,0,0,0.000148058335542639,0,10
0.381820379500496,0.00114817506629144,0,0,0,0.000107959443139818,0,0,0,0,0,0,5.28246148675388e-06,0,0,0,0,0,0,0,7.33205789098529e-05,0,0,0,0,0.574104525740739,0,0,0.000206502650997378,0,10
0.366119096143932,0.00137008868543389,0,0,0,7.65401319599246e-05,0,0,0,0,0,0,4.13758168130369e-06,0,0,0,0,0,0,0,9.53050124110883e-05,0,0,0,0,0.535560715961341,0,0,0.000307995787085133,0,10
0.355855877488958,0.00175886710654653,0,0,0,5.71395321573983e-05,0,0,0,0,0,0,3.88233212459397e-06,0,0,0,0,0,0,0,0.000120786494818724,0,0,0,0,0.443510394418788,0,0,0.000480529168968461,0,10
0.334928459714415,0.002503288333183,0,0,0,4.68057549154077e-05,0,0,0,0,0,0,3.52088446345234e-06,0,0,0,0,0,0,0,0.000141439968303231,0,0,0,0,0.386174315737197,0,0,0.000843360262221525,0,10
0.31493726831101,0.00354654502765402,0,0,0,4.02446865819693e-05,0,0,0,0,0,0,3.32817678983256e-06,0,0,0,0,0,0,0,0.000195105359276157,0,0,0,0,0.343119792404047,0,0,0.00144627058058794,0,10
0.318057486053652,0.00539296972705374,0,0,0,3.26143429307485e-05,0,0,0,0,0,0,3.00759930441117e-06,0,0,0,0,0,0,0,0.000230887538472616,0,0,0,0,0.321125329199556,0,0,0.00237906169980469,0,10
0.292459389744872,0.00759005684989993,0,0,0,2.94594586434014e-05,0,0,0,0,0,0,2.84706118579709e-06,0,0,0,0,0,0,0,0.000327039769675524,0,0,0,0,0.287574245117654,0,0,0.003684370154699,0,10
0.312106473868131,0.0115476316089282,0,0,0,2.47730633301988e-05,0,0,0,0,0,0,2.97571011491359e-06,0,0,0,0,0,0,0,0.000335832324451509,0,0,0,0,0.249387391199547,0,0,0.00627282134235894,0,10
0.299994889165108,0.0163933065542553,0,0,0,2.27601211942618e-05,0,0,0,0,0,0,2.93176325221812e-06,0,0,0,0,0,0,0,0.000410870545822672,0,0,0,0,0.213137855880245,0,0,0.00996292516229786,0,10
0.314335893712806,0.0300555256393902,0,0,0,1.94853157373114e-05,0,0,0,0,0,0,2.7657603864631e-06,0,0,0,0,0,0,0,0.000445258128703911,0,0,0,0,0.192302865396088,0,0,0.0174470623621289,0,10
0.279983104713372,0.0549866218775597,0,0,0,2.13340901454408e-05,0,0,0,0,0,0,2.75369270098488e-06,0,0,0,0,0,0,0,0.000571460491015662,0,0,0,0,0.190378793588012,0,0,0.0313558913852286,0,10
0.276717313712215,0.0942326033609707,0,0,0,2.75232612301571e-05,0,0,0,0,0,0,2.60612264452162e-06,0,0,0,0,0,0,0,0.000655843463961429,0,0,0,0,0.186268830370998,0,0,0.0602580712467513,0,10
0.257980457337107,0.179358910479655,0,0,0,3.60773526392329e-05,0,0,0,0,0,0,2.62826233794671e-06,0,0,0,0,0,0,0,0.000713721075696128,0,0,0,0,0.181995000831288,0,0,0.108586591818835,0,10
0.270810002647286,0.337338490248014,0,0,0,5.15975596456287e-05,0,0,0,0,0,0,2.45024134437866e-06,0,0,0,0,0,0,0,0.000681535990399066,0,0,0,0,0.207876154504882,0,0,0.195855128226698,0,10
0.294614882895995,0.600306879729026,0,0,0,9.14080114715122e-05,0,0,0,0,0,0,2.22707678397955e-06,0,0,0,0,0,0,0,0.000489488015757982,0,0,0,0,0.230779764641432,0,0,0.310256932633982,0,10
0.290384480170316,0.848381304052731,0,0,0,0.000134390523324653,0,0,0,0,0,0,2.17326070710843e-06,0,0,0,0,0,0,0,0.000310482910975826,0,0,0,0,0.253792159793926,0,0,0.45164242595989,0,10
0.271402842340569,1.0204086231738,0,0,0,0.000244632652647056,0,0,0,0,0,0,2.05136821045867e-06,0,0,0,0,0,0,0,0.000214521818559072,0,0,0,0,0.316909025645835,0,0,0.518996187787541,0,10
0.272963423168082,1.06441520104369,0,0,0,0.000407636225187029,0,0,0,0,0,0,1.78108571766999e-06,0,0,0,0,0,0,0,0.000138821508679199,0,0,0,0,0.368959491454679,0,0,0.534666088266448,0,10
0.259883765833793,1.10962966278613,0,0,0,0.00067761634391005,0,0,0,0,0,0,1.52951530809729e-06,0,0,0,0,0,0,0,9.71125214635208e-05,0,0,0,0,0.385348480712493,0,0,0.556457646139732,0,10
0.246787532936408,1.1567704495597,0,0,0,0.00117568487702086,0,0,0,0,0,0,1.41061666545285e-06,0,0,0,0,0,0,0,6.56647742162338e-05,0,0,0,0,0.373342176443529,0,0,0.581164949848028,0,10
0.248072719905947,1.14120384586962,0,0,0,0.00210187484876062,0,0,0,0,0,0,1.28411588239909e-06,0,0,0,0,0,0,0,4.46386932138666e-05,0,0,0,0,0.363172283968047,0,0,0.59555175411555,0,10
0.265069282616311,1.19537841328699,0,0,0,0.00399436336409479,0,0,0,0,0,0,1.14119583734959e-06,0,0,0,0,0,0,0,3.04583490462194e-05,0,0,0,0,0.433361882924543,0,0,0.571578833133756,0,10
0.280997016019202,1.15210590787231,0,0,0,0.00745756403682638,0,0,0,0,0,0,0,0,0,0,0,0,0,0,2.39911262651397e-05,0,0,0,0,0.49033062002549,0,0,0.557563881397252,0,10
0.270873869234281,1.16897827729829,0,0,0,0.0131812335012007,0,0,0,0,0,0,0,0,0,0,0,0,0,0,1.88042184805558e-05,0,0,0,0,0.569742151333972,0,0,0.537092565275699,0,10
0.277143107675387,1.16742795892196,0,0,0,0.0222922574699425,0,0,0,0,0,0,0,0,0,0,0,0,0,0,1.50004628265101e-05,0,0,0,0,0.623855400755475,0,0,0.54194429663438,0,10
0.285436693156818,1.00202087210982,0,0,0,0.0300990963247393,0,0,0,0,0,0,0,0,0,0,0,0,0,0,1.23643864180654e-05,0,0,0,0,0.752277984081388,0,0,0.524681603045853,0,10
0.261762355938984,1.09033184442005,0,0,0,0.0504322994233853,0,0,0,0,0,0,0,0,0,0,0,0,0,0,1.09190486862334e-05,0,0,0,0,0.87357658720265,0,0,0.48192669629821,0,10
0.243603713042994,0.937645333769864,0,0,0,0.0794921735192909,0,0,0,0,0,0,0,0,0,0,0,0,0,0,1.10743969976843e-05,0,0,0,0,0.926528116938904,0,0,0.36406170991968,0,10
0.243612617277676,0.979207016463279,0,0,0,0.116081355219053,0,0,0,0,0,0,0,0,0,0,0,0,0,0,1.15622646201564e-05,0,0,0,0,0.966545790588441,0,0,0.264402936330236,0,10
0.23331843574109,0.948898955804582,0,0,0,0.154033827005563,0,0,0,0,0,0,0,0,0,0,0,0,0,0,1.36056633153067e-05,0,0,0,0,1.08385986101683,0,0,0.133281442575365,0,10
0.22317217295538,0.903499133628776,0,0,0,0.159651428141684,0,0,0,0,0,0,0,0,0,0,0,0,0,0,1.58272991569399e-05,0,0,0,0,1.23227548878407,0,0,0.0221488059951771,0,10
0.218746138485418,0.779267641651572,0,0,0,0.121073695493354,0,0,0,0,0,0,0,0,0,0,0,0,0,0,1.81673644723739e-05,0,0,0,0,1.31795678411426,0,0,0.00345869108238117,0,10
0.216758675688713,0.643349818917099,0,0,0,0.0847473494985026,0,0,0,0,0,0,0,0,0,0,0,0,0,0,2.40028457625773e-05,0,0,0,0,1.44537583962821,0,0,0.00129102266447745,0,10
0.207365772181589,0.305355311333463,0,0,0,0.0487012628415796,0,0,0,0,0,0,0,0,0,0,0,0,0,0,3.76579199339202e-05,0,0,0,0,1.61052418738909,0,0,0.000885488964710429,0,10
0.205447084293568,0.0238088085237599,0,0,0,0.0109594194578329,0,0,0,0,0,0,0,0,0,0,0,0,0,0,6.57687847885128e-05,0,0,0,0,1.76838785075998,0,0,0.000457117965548936,0,10
0.203015508265397,0.00170901114151552,0,0,0,0.00167280421427514,0,0,0,0,0,0,0,0,0,0,0,0,0,0,0.000119067706137269,0,0,0,0,1.7300339045467,0,0,0.000163031946432866,0,10
0.206877634315795,0.000478217691195275,0,0,0,0.000436984770985881,0,0,0,0,0,0,0,0,0,0,0,0,0,0,0.000189691318012837,0,0,0,0,1.57013165664085,0,0,0.000100665880528097,0,10
0.206770906836133,0.000275167384623461,0,0,0,0.000173686942046628,0,0,0,0,0,0,0,0,0,0,0,0,0,0,0.000321604631809211,0,0,0,0,1.32853707749555,0,0,9.12764002102491e-05,0,10
0.19449566521175,0.000245547299602997,0,0,0,9.63465618174122e-05,0,0,0,0,0,0,0,0,0,0,0,0,0,0,0.000517419714202063,0,0,0,0,1.10032162732443,0,0,9.14299197851991e-05,0,10
0.198447467541933,0.000245329728813449,0,0,0,6.12643902531193e-05,0,0,0,0,0,0,0,0,0,0,0,0,0,0,0.000797321766216561,0,0,0,0,0.979129179267579,0,0,0.000103106705732423,0,10
0.1934197029793,0.00023502083249805,0,0,0,3.95813720993221e-05,0,0,0,0,0,0,0,0,0,0,0,0,0,0,0.00114238854645198,0,0,0,0,0.911383910837393,0,0,0.000121121926123015,0,10
0.192099910908139,0.000265840529166763,0,0,0,2.62042016576478e-05,0,0,0,0,0,0,0,0,0,0,0,0,0,0,0.00153930249272888,0,0,0,0,0.768107648917311,0,0,0.000147733601755466,0,10
0.206571286609173,0.000315137093489641,0,0,0,2.05368553352017e-05,0,0,0,0,0,0,0,0,0,0,0,0,0,0,0.00207027425173642,0,0,0,0,0.701531715817068,0,0,0.000168857304762328,0,10
0.201398044546819,0.000444509423806039,0,0,0,1.5329867976818e-05,0,0,0,0,0,0,0,0,0,0,0,0,0,0,0.00264774865103877,0,0,0,0,0.587429117229508,0,0,0.0002375326879799,0,10
0.197279854095254,0.000644026717968312,0,0,0,1.21457079138771e-05,0,0,0,0,0,0,0,0,0,0,0,0,0,0,0.00325612104054463,0,0,0,0,0.490780124093609,0,0,0.000369404464075562,0,10
0.179293641085467,0.000948732853400527,0,0,0,9.24381135143524e-06,0,0,0,0,0,0,0,0,0,0,0,0,0,0,0.0045109895896674,0,0,0,0,0.422992073078525,0,0,0.000592517183491105,0,10
0.169793386289176,0.0014736409957113,0,0,0,7.15692561731873e-06,0,0,0,0,0,0,0,0,0,0,0,0,0,0,0.00638623533711814,0,0,0,0,0.374843382691468,0,0,0.000907401503163832,0,10
0.165930267017572,0.00223964767436173,0,0,0,5.89802449106711e-06,0,0,0,0,0,0,0,0,0,0,0,0,0,0,0.00842686125475119,0,0,0,0,0.332636128521733,0,0,0.0013994151231752,0,10
0.166794087128935,0.00403618381532276,0,0,0,5.0209613247126e-06,0,0,0,0,0,0,0,0,0,0,0,0,0,0,0.0102721527776258,0,0,0,0,0.278651871484235,0,0,0.00236068237724805,0,10
0.165969135640464,0.00631848292300219,0,0,0,4.57689845077888e-06,0,0,0,0,0,0,0,0,0,0,0,0,0,0,0.0134604140019543,0,0,0,0,0.246280759352387,0,0,0.00387075451410301,0,10
0.172124148075172,0.0108883034284777,0,0,0,3.98415586746539e-06,0,0,0,0,0,0,0,0,0,0,0,0,0,0,0.0162290221637895,0,0,0,0,0.204954323482987,0,0,0.00716313423806931,0,10
0.182972929566963,0.0196423005379936,0,0,0,3.86801408792847e-06,0,0,0,0,0,0,0,0,0,0,0,0,0,0,0.0183789413145514,0,0,0,0,0.190617755169728,0,0,0.0131285091454464,0,10
0.185393108423475,0.0348131998288695,0,0,0,4.31725145842207e-06,0,0,0,0,0,0,0,0,0,0,0,0,0,0,0.0211818094870455,0,0,0,0,0.185802295217374,0,0,0.024909359694736,0,10
0.172770911001948,0.0622155583442591,0,0,0,4.40853591734153e-06,0,0,0,0,0,0,0,0,0,0,0,0,0,0,0.0255165266845365,0,0,0,0,0.184904512138393,0,0,0.0407150366350925,0,10
0.190905239658487,0.109041617846877,0,0,0,5.66945094137857e-06,0,0,0,0,0,0,0,0,0,0,0,0,0,0,0.0236126579551716,0,0,0,0,0.183875645502631,0,0,0.0768067633478462,0,10
0.199564367787792,0.197635709031419,0,0,0,8.1055001663806e-06,0,0,0,0,0,0,0,0,0,0,0,0,0,0,0.0221937263525723,0,0,0,0,0.197294112563637,0,0,0.148621305983806,0,10
0.210188458636522,0.353328954206954,0,0,0,1.32607137799267e-05,0,0,0,0,0,0,0,0,0,0,0,0,0,0,0.0191395224930813,0,0,0,0,0.211987450148222,0,0,0.269143313696406,0,10
0.231463363501893,0.540950122346135,0,0,0,2.21695616880483e-05,0,0,0,0,0,0,0,0,0,0,0,0,0,0,0.0113901027277256,0,0,0,0,0.233058271593065,0,0,0.404604403934329,0,10
0.245722933275066,0.697753894305452,0,0,0,4.22160140447938e-05,0,0,0,0,0,0,0,0,0,0,0,0,0,0,0.00566800717014635,0,0,0,0,0.252742567578991,0,0,0.592785418118752,0,10
0.258574516842005,0.827839004099869,0,0,0,6.78561772351099e-05,0,0,0,0,0,0,0,0,0,0,0,0,0,0,0.00256729424801212,0,0,0,0,0.269828771544555,0,0,0.682850018888861,0,10
0.260624416669898,0.873261107285776,0,0,0,0.000123395543118006,0,0,0,0,0,0,0,0,0,0,0,0,0,0,0.00115530867726798,0,0,0,0,0.31917187601788,0,0,0.762125286300525,0,10
0.262601917263233,0.927839394377433,0,0,0,0.000231775166233778,0,0,0,0,0,0,0,0,0,0,0,0,0,0,0.000595820209541119,0,0,0,0,0.326216302403967,0,0,0.775556919337042,0,10
0.259946389701916,0.986871852998228,0,0,0,0.000456092303002816,0,0,0,0,0,0,0,0,0,0,0,0,0,0,0.000330332054924432,0,0,0,0,0.338216047981576,0,0,0.718531266632325,0,10
0.245646962697093,1.01973271326829,0,0,0,0.000935287017350906,0,0,0,0,0,0,0,0,0,0,0,0,0,0,0.000217887380733465,0,0,0,0,0.384357969673716,0,0,0.746965652753033,0,10
0.249334586640399,1.05105119874369,0,0,0,0.00176978181441635,0,0,0,0,0,0,0,0,0,0,0,0,0,0,0.000133305104588566,0,0,0,0,0.43993842993049,0,0,0.779706711337294,0,10
0.240884384466282,1.06242554879218,0,0,0,0.00329712842210646,0,0,0,0,0,0,0,0,0,0,0,0,0,0,8.5188737061746e-05,0,0,0,0,0.472115434851535,0,0,0.837775493079078,0,10
0.254137975640672,1.01725703125265,0,0,0,0.00544576275654321,0,0,0,0,0,0,0,0,0,0,0,0,0,0,5.87891611449453e-05,0,0,0,0,0.492920840096738,0,0,0.806473691154351,0,10
0.25671470209961,1.0252885383089,0,0,0,0.00915750120939339,0,0,0,0,0,0,0,0,0,0,0,0,0,0,4.1276841648741e-05,0,0,0,0,0.502292545928217,0,0,0.843016842100149,0,10
0.252502552739146,1.00855970075486,0,0,0,0.0174978086344635,0,0,0,0,0,0,0,0,0,0,0,0,0,0,2.98849541599562e-05,0,0,0,0,0.550481342156044,0,0,0.76346882248644,0,10
0.269791070991589,0.983433141286952,0,0,0,0.0323367897786257,0,0,0,0,0,0,0,0,0,0,0,0,0,0,2.22574121949585e-05,0,0,0,0,0.601572795981137,0,0,0.743269452913548,0,10
0.26182872971917,0.938516022038388,0,0,0,0.0449633409375691,0,0,0,0,0,0,0,0,0,0,0,0,0,0,1.71393037879436e-05,0,0,0,0,0.693600808740324,0,0,0.655573412485828,0,10
0.263942572810144,0.930935556367338,0,0,0,0.0839860425277688,0,0,0,0,0,0,0,0,0,0,0,0,0,0,1.42905548279143e-05,0,0,0,0,0.718362361077992,0,0,0.572020536139258,0,10
0.252631874494137,0.873134464149117,0,0,0,0.128332170774536,0,0,0,0,0,0,0,0,0,0,0,0,0,0,1.27759986780903e-05,0,0,0,0,0.816658040073355,0,0,0.431839114325774,0,10
0.241726034846519,0.906353974594892,0,0,0,0.190917141160202,0,0,0,0,0,0,0,0,0,0,0,0,0,0,1.45234165376164e-05,0,0,0,0,0.956437602495202,0,0,0.217944617584438,0,10
0.230562275535879,0.898843900085753,0,0,0,0.227481026734764,0,0,0,0,0,0,0,0,0,0,0,0,0,0,1.63027282497082e-05,0,0,0,0,1.05602167534403,0,0,0.0351157018348506,0,10
0.22357510130824,0.986697714489845,0,0,0,0.178839700440157,0,0,0,0,0,0,0,0,0,0,0,0,0,0,1.90827269210216e-05,0,0,0,0,1.13359440170453,0,0,0.00278673828475224,0,10
0.208821464042852,0.895197199495528,0,0,0,0.132504955311396,0,0,0,0,0,0,0,0,0,0,0,0,0,0,2.29455906511996e-05,0,0,0,0,1.30355236993106,0,0,0.000687250070558295,0,10
0.199283513704898,0.744353308510216,0,0,0,0.0936544111876505,0,0,0,0,0,0,0,0,0,0,0,0,0,0,2.70782723485027e-05,0,0,0,0,1.56801790540809,0,0,0.000320156213246896,0,10
0.187919661057394,0.298087373348043,0,0,0,0.0511882223214778,0,0,0,0,0,0,0,0,0,0,0,0,0,0,4.04836969540466e-05,0,0,0,0,1.84803575522736,0,0,0.000251161754778404,0,10
0.187544031735292,0.0143829279585013,0,0,0,0.00882533198565767,0,0,0,0,0,0,0,0,0,0,0,0,0,0,7.63900622138172e-05,0,0,0,0,1.94116988707703,0,0,0.000147240607947243,0,10
0.177972796790455,0.00190982300438867,0,0,0,0.00181739894436128,0,0,0,0,0,0,0,0,0,0,0,0,0,0,0.000150546326428791,0,0,0,0,1.60562958045411,0,0,8.70323455115908e-05,0,10
0.159548344475573,0.000518062206020794,0,0,0,0.000503816288915005,0,0,0,0,0,0,0,0,0,0,0,0,0,0,0.000293652367838507,0,0,0,0,1.50154877734427,0,0,6.65384706087162e-05,0,10
0.160514520451219,0.000313391937275762,0,0,0,0.00019641490420003,0,0,0,0,0,0,0,0,0,0,0,0,0,0,0.00053609707279736,0,0,0,0,1.25299119059993,0,0,5.96408731750973e-05,0,10
0.173652092781508,0.000253043187412238,0,0,0,0.000102624477526574,0,0,0,0,0,0,0,0,0,0,0,0,0,0,0.000815771211127097,0,0,0,0,1.10437636914026,0,0,6.6330102954089e-05,0,10
0.172274141430533,0.000240590953685352,0,0,0,6.62704876029934e-05,0,0,0,0,0,0,0,0,0,0,0,0,0,0,0.00122032816012011,0,0,0,0,0.95376355340921,0,0,7.59282629645203e-05,0,10
0.188273191727727,0.000244133353326002,0,0,0,4.09775084301328e-05,0,0,0,0,0,0,0,0,0,0,0,0,0,0,0.00166743359273837,0,0,0,0,0.876618948776491,0,0,9.55578294566212e-05,0,10
0.182080242875914,0.000267671677911919,0,0,0,2.87022034426742e-05,0,0,0,0,0,0,0,0,0,0,0,0,0,0,0.00223784736562691,0,0,0,0,0.798645306219152,0,0,0.000121181416129083,0,10
0.178661976553846,0.000309393890372974,0,0,0,1.97179626341651e-05,0,0,0,0,0,0,0,0,0,0,0,0,0,0,0.00276875207461157,0,0,0,0,0.742752987485521,0,0,0.000148335810532074,0,10
0.173127719040379,0.000363567773341552,0,0,0,1.3718568594401e-05,0,0,0,0,0,0,0,0,0,0,0,0,0,0,0.00403869041306671,0,0,0,0,0.663013599854364,0,0,0.000196322931759954,0,10
0.164200030890144,0.000440508929464428,0,0,0,1.04808240106164e-05,0,0,0,0,0,0,0,0,0,0,0,0,0,0,0.00582074955281422,0,0,0,0,0.607682649544021,0,0,0.000256349564687069,0,10
0.169986671269486,0.000588285368871886,0,0,0,7.8368377249782e-06,0,0,0,0,0,0,0,0,0,0,0,0,0,0,0.00750584175710705,0,0,0,0,0.558453632314915,0,0,0.000346175819702321,0,10
0.184756510039585,0.000818208815732962,0,0,0,6.541460332461e-06,0,0,0,0,0,0,0,0,0,0,0,0,0,0,0.00795263842053621,0,0,0,0,0.490670964322182,0,0,0.000508426467418315,0,10
0.168907759446857,0.00108573927083021,0,0,0,5.2514374740953e-06,0,0,0,0,0,0,0,0,0,0,0,0,0,0,0.0103584471444637,0,0,0,0,0.428237682666693,0,0,0.000700357828915409,0,10
0.173368615323445,0.00163663194117298,0,0,0,4.4025898726469e-06,0,0,0,0,0,0,0,0,0,0,0,0,0,0,0.0122897820389789,0,0,0,0,0.399406199324314,0,0,0.00109651944945772,0,10
0.183214879222636,0.00234159930239533,0,0,0,3.86094179431924e-06,0,0,0,0,0,0,0,0,0,0,0,0,0,0,0.0130203969433024,0,0,0,0,0.351965096725549,0,0,0.0016599155815464,0,10
0.184569211682557,0.00358638697746188,0,0,0,3.53441922263282e-06,0,0,0,0,0,0,0,0,0,0,0,0,0,0,0.0138358311139635,0,0,0,0,0.318998255718588,0,0,0.00263278298590126,0,10
0.21016304697255,0.00516885640716421,0,0,0,3.20879846792943e-06,0,0,0,0,0,0,0,0,0,0,0,0,0,0,0.0135948930027775,0,0,0,0,0.298917328557362,0,0,0.00405753792489241,0,10
0.21091359894174,0.00850285314509272,0,0,0,2.83878857365231e-06,0,0,0,0,0,0,0,0,0,0,0,0,0,0,0.0137056769192556,0,0,0,0,0.238139191524253,0,0,0.00705993003830702,0,10
0.226186753447416,0.0133012068290923,0,0,0,2.74800495082423e-06,0,0,0,0,0,0,0,0,0,0,0,0,0,0,0.0119526582620693,0,0,0,0,0.224618767217142,0,0,0.0107892231853592,0,10
0.222745712416648,0.0195427754501423,0,0,0,2.44330009301006e-06,0,0,0,0,0,0,0,0,0,0,0,0,0,0,0.0118206723289527,0,0,0,0,0.212418401069774,0,0,0.0172865599832432,0,10
0.203896874968666,0.0341366490599372,0,0,0,2.70179189353342e-06,0,0,0,0,0,0,0,0,0,0,0,0,0,0,0.0125735549429721,0,0,0,0,0.181163223028742,0,0,0.0298683592358271,0,10
0.206221266161597,0.0655267717298328,0,0,0,3.15367158983147e-06,0,0,0,0,0,0,0,0,0,0,0,0,0,0,0.0118555700485863,0,0,0,0,0.180756308539467,0,0,0.0530859629721947,0,10
0.212049868728739,0.116712094049382,0,0,0,4.39553394175983e-06,0,0,0,0,0,0,0,0,0,0,0,0,0,0,0.0113999169438168,0,0,0,0,0.177252062296196,0,0,0.0970531280192494,0,10
0.211381146546199,0.216173898438407,0,0,0,5.90494901946353e-06,0,0,0,0,0,0,0,0,0,0,0,0,0,0,0.00996864427898433,0,0,0,0,0.176578665274048,0,0,0.176793320254208,0,10
0.224107377087622,0.399226442851818,0,0,0,9.74402007653514e-06,0,0,0,0,0,0,0,0,0,0,0,0,0,0,0.00642916319699242,0,0,0,0,0.174638030575566,0,0,0.322516428613383,0,10
0.224292107675182,0.608198666060574,0,0,0,1.55819907427895e-05,0,0,0,0,0,0,0,0,0,0,0,0,0,0,0.00422061448742477,0,0,0,0,0.205345224100238,0,0,0.499413321621771,0,10
0.221129640274648,0.75125294722467,0,0,0,2.49979601395549e-05,0,0,0,0,0,0,0,0,0,0,0,0,0,0,0.00252905848257859,0,0,0,0,0.220075302709881,0,0,0.669181866824193,0,10
0.215080259023648,0.911621397870862,0,0,0,4.91738315737313e-05,0,0,0,0,0,0,0,0,0,0,0,0,0,0,0.00153026052597523,0,0,0,0,0.274125049383873,0,0,0.768376819187996,0,10
0.202374007205367,1.00410046180203,0,0,0,7.69495139182275e-05,0,0,0,0,0,0,0,0,0,0,0,0,0,0,0.000924732765532489,0,0,0,0,0.278748385232008,0,0,0.839497086971679,0,10
0.180864072314039,1.02012767991769,0,0,0,0.000144168518045895,0,0,0,0,0,0,0,0,0,0,0,0,0,0,0.000629376267425306,0,0,0,0,0.299859814812595,0,0,0.858163550168875,0,10
0.171132259039697,1.02695510882457,0,0,0,0.00022995701217897,0,0,0,0,0,0,0,0,0,0,0,0,0,0,0.000397458576364513,0,0,0,0,0.309067047914863,0,0,0.827324717292461,0,10
0.173891438143342,1.06196559837965,0,0,0,0.000388615778337928,0,0,0,0,0,0,0,0,0,0,0,0,0,0,0.000258427227550675,0,0,0,0,0.337804791854504,0,0,0.807595529200329,0,10
0.157416164554459,0.99213551082379,0,0,0,0.000747722951025043,0,0,0,0,0,0,0,0,0,0,0,0,0,0,0.000195370451026191,0,0,0,0,0.385658705065523,0,0,0.817877416843644,0,10
0.153213963003186,0.97723757056873,0,0,0,0.00143584430691863,0,0,0,0,0,0,0,0,0,0,0,0,0,0,0.000151354807023521,0,0,0,0,0.401633094673195,0,0,0.788278899189699,0,10
0.150683031879961,0.915022943499496,0,0,0,0.00254419739923319,0,0,0,0,0,0,0,0,0,0,0,0,0,0,0.000120145328421015,0,0,0,0,0.427107011823879,0,0,0.768335931317843,0,10
0.156735794461197,0.926211468947193,0,0,0,0.00424900312745221,0,0,0,0,0,0,0,0,0,0,0,0,0,0,9.24648828194193e-05,0,0,0,0,0.42959175335758,0,0,0.812273802890169,0,10
0.16444049075519,0.908317898847535,0,0,0,0.00700040659519811,0,0,0,0,0,0,0,0,0,0,0,0,0,0,8.09837201551806e-05,0,0,0,0,0.494486027582597,0,0,0.795276797173084,0,10
0.161924763023177,0.883830555712896,0,0,0,0.0110984845617127,0,0,0,0,0,0,0,0,0,0,0,0,0,0,7.06576086013527e-05,0,0,0,0,0.564275830898414,0,0,0.756347629952167,0,10
0.160422716826822,0.860810451438486,0,0,0,0.0200229757819774,0,0,0,0,0,0,0,0,0,0,0,0,0,0,6.41261920918716e-05,0,0,0,0,0.675389257795245,0,0,0.711033527961127,0,10
0.144747613009109,0.854822994809961,0,0,0,0.0404708275809061,0,0,0,0,0,0,0,0,0,0,0,0,0,0,6.58809700505984e-05,0,0,0,0,0.816193713251677,0,0,0.604030381386509,0,10
0.133977201775249,0.826529135763863,0,0,0,0.0621635559565564,0,0,0,0,0,0,0,0,0,0,0,0,0,0,7.18869267006483e-05,0,0,0,0,0.86678290527575,0,0,0.588131098480153,0,10
0.128160785602868,0.75770316409602,0,0,0,0.107789934242044,0,0,0,0,0,0,0,0,0,0,0,0,0,0,7.63170634637335e-05,0,0,0,0,0.98200785866064,0,0,0.432795117957147,0,10
0.127542757573259,0.793183379425109,0,0,0,0.156552021019444,0,0,0,0,0,0,0,0,0,0,0,0,0,0,8.1747635038047e-05,0,0,0,0,0.999471763485637,0,0,0.266750217243369,0,10
0.122594270304715,0.819022199195134,0,0,0,0.211191140856749,0,0,0,0,0,0,0,0,0,0,0,0,0,0,0.000115903414298692,0,0,0,0,1.18632250589172,0,0,0.0717389215517669,0,10
0.127124501767251,0.723744774740886,0,0,0,0.16861945419511,0,0,0,0,0,0,0,0,0,0,0,0,0,0,0.00016664309256422,0,0,0,0,1.44048200028955,0,0,0.00500086099747723,0,10
0.140108692433476,0.529582147681279,0,0,0,0.110373441442986,0,0,0,0,0,0,0,0,0,0,0,0,0,0,0.000235874459723766,0,0,0,0,1.60476385093655,0,0,0.00107388938132612,0,10
0.127930719902115,0.257991161498808,0,0,0,0.0608670865628942,0,0,0,0,0,0,0,0,0,0,0,0,0,0,0.000394194532424948,0,0,0,0,1.62897128413718,0,0,0.000587011287209389,0,10
0.132110084319589,0.0244846849169304,0,0,0,0.0132848102322481,0,0,0,0,0,0,0,0,0,0,0,0,0,0,0.000639581762063974,0,0,0,0,1.66257358990642,0,0,0.000347470822867056,0,10
0.125566210144393,0.00236503347101274,0,0,0,0.00231619327811141,0,0,0,0,0,0,0,0,0,0,0,0,0,0,0.0011068809321942,0,0,0,0,1.58328544069924,0,0,0.000172336357746797,0,10
0.136507887443466,0.000782693116421383,0,0,0,0.000712899500957992,0,0,0,0,0,0,0,0,0,0,0,0,0,0,0.00188348048304029,0,0,0,0,1.36708528944527,0,0,0.000120660137071699,0,10
0.128216125323208,0.000344023236966093,0,0,0,0.000253033997414135,0,0,0,0,0,0,0,0,0,0,0,0,0,0,0.00310926652848293,0,0,0,0,1.35690157417681,0,0,9.18317907937103e-05,0,10
0.122962765512547,0.000230276868582355,0,0,0,0.000111141615914942,0,0,0,0,0,0,0,0,0,0,0,0,0,0,0.00514118474857846,0,0,0,0,1.20641765719302,0,0,8.28060463771812e-05,0,10
0.11489227904274,0.000192557024053333,0,0,0,6.13462260961209e-05,0,0,0,0,0,0,0,0,0,0,0,0,0,0,0.0079763435224912,0,0,0,0,1.06876365234179,0,0,8.07117484068455e-05,0,10
0.113215797589188,0.000180506509583093,0,0,0,3.51230632926841e-05,0,0,0,0,0,0,0,0,0,0,0,0,0,0,0.0119198085681914,0,0,0,0,1.00554367129615,0,0,8.48913239578501e-05,0,10
0.117255597382264,0.000190042606487672,0,0,0,2.29507897455493e-05,0,0,0,0,0,0,0,0,0,0,0,0,0,0,0.0200317760121791,0,0,0,0,0.867230022445918,0,0,9.98192661335846e-05,0,10
0.110551352384564,0.000241002220538761,0,0,0,1.75643469676807e-05,0,0,0,0,0,0,0,0,0,0,0,0,0,0,0.0322957008283634,0,0,0,0,0.715924406763034,0,0,0.000133448829425871,0,10
0.128084736183504,0.000352228017444884,0,0,0,1.25817281972929e-05,0,0,0,0,0,0,0,0,0,0,0,0,0,0,0.0509886484589659,0,0,0,0,0.583726568115956,0,0,0.000192892815022007,0,10
0.149487879045919,0.000549194458724632,0,0,0,1.08592439597852e-05,0,0,0,0,0,0,0,0,0,0,0,0,0,0,0.0747859010661904,0,0,0,0,0.45914783055159,0,0,0.000313697415821944,0,10
0.160606359264442,0.000748134210023021,0,0,0,8.73738536123349e-06,0,0,0,0,0,0,0,0,0,0,0,0,0,0,0.113775423293614,0,0,0,0,0.422272902129646,0,0,0.00047485902500542,0,10
0.159229632990378,0.00125699018880739,0,0,0,7.87494665477051e-06,0,0,0,0,0,0,0,0,0,0,0,0,0,0,0.212076364229773,0,0,0,0,0.337058749453281,0,0,0.00075499761376361,0,10
0.187301719635664,0.00183240002471663,0,0,0,6.89285176039579e-06,0,0,0,0,0,0,0,0,0,0,0,0,0,0,0.394058819192113,0,0,0,0,0.326677560318254,0,0,0.00108367672526779,0,10
0.211560372147415,0.00246835939298734,0,0,0,5.35833571639397e-06,0,0,0,0,0,0,0,0,0,0,0,0,0,0,0.656850244442443,0,0,0,0,0.268905647635357,0,0,0.00149907483673063,0,10
0.256685234495635,0.00273015457814904,0,0,0,4.71125613044373e-06,0,0,0,0,0,0,0,0,0,0,0,0,0,0,1.07755619500949,0,0,0,0,0.249202591524095,0,0,0.00187305270824246,0,10
0.320427636010081,0.00255022737021601,0,0,0,4.18582085704109e-06,0,0,0,0,0,0,0,0,0,0,0,0,0,0,1.46781718409688,0,0,0,0,0.222766847494652,0,0,0.00193248630027021,0,10
0.404442943445741,0.00244940246617198,0,0,0,3.60614188065652e-06,0,0,0,0,0,0,0,0,0,0,0,0,0,0,1.57014842791757,0,0,0,0,0.198216666324759,0,0,0.00175039596570825,0,10
0.487454327635794,0.0022477015099181,0,0,0,3.49966696817095e-06,0,0,0,0,0,0,0,0,0,0,0,0,0,0,1.74090338916759,0,0,0,0,0.167247010055393,0,0,0.00156463244330439,0,10
0.573385813604202,0.00206644098886146,0,0,0,3.57521724258603e-06,0,0,0,0,0,0,0,0,0,0,0,0,0,0,1.69935732081104,0,0,0,0,0.155636590134381,0,0,0.0013623576980726,0,10
0.681965798538782,0.00204127069435611,0,0,0,3.28988522743188e-06,0,0,0,0,0,0,0,0,0,0,0,0,0,0,1.65862554133547,0,0,0,0,0.122813274462779,0,0,0.00144920016671427,0,10
0.800128493024659,0.00202479411857313,0,0,0,3.19473906740378e-06,0,0,0,0,0,0,0,0,0,0,0,0,0,0,1.63891170060884,0,0,0,0,0.10817681613946,0,0,0.00143818783286543,0,10
0.86850951354939,0.00194753160237932,0,0,0,2.73434689415865e-06,0,0,0,0,0,0,0,0,0,0,0,0,0,0,1.70560309514032,0,0,0,0,0.0910198809111146,0,0,0.00154075542656973,0,10
0.949497191082449,0.00194835528662532,0,0,0,2.60000567138121e-06,0,0,0,0,0,0,0,0,0,0,0,0,0,0,1.53829046025346,0,0,0,0,0.0856966746314933,0,0,0.00164223132995656,0,10
1.07727138741234,0.0024435115270892,0,0,0,2.45844807359119e-06,0,0,0,0,0,0,0,0,0,0,0,0,0,0,1.45741521598727,0,0,0,0,0.0842696663998948,0,0,0.00185754982943996,0,10
1.36183542337363,0.00295592780061456,0,0,0,2.34617328655538e-06,0,0,0,0,0,0,0,0,0,0,0,0,0,0,1.31380199923056,0,0,0,0,0.0728761061582754,0,0,0.00201875765537906,0,10
1.41011484954948,0.00375625480712144,0,0,0,2.01045533432957e-06,0,0,0,0,0,0,0,0,0,0,0,0,0,0,1.25070670897501,0,0,0,0,0.0599776069373134,0,0,0.00248601383535563,0,10
1.64437183143452,0.0055088145554994,0,0,0,2.02108636236267e-06,0,0,0,0,0,0,0,0,0,0,0,0,0,0,1.15964635029523,0,0,0,0,0.0485922129790068,0,0,0.00349274048822012,0,10
1.91897644126555,0.00826749756059106,0,0,0,1.94351280607264e-06,0,0,0,0,0,0,0,0,0,0,0,0,0,0,0.938509973234986,0,0,0,0,0.04365844824489,0,0,0.00506831478246391,0,10
2.12522187920447,0.0138137858912517,0,0,0,1.78140174828594e-06,0,0,0,0,0,0,0,0,0,0,0,0,0,0,0.6156700139929,0,0,0,0,0.0400438514643942,0,0,0.00899387282754479,0,10
2.42412760680621,0.0280650485653344,0,0,0,1.71763559692654e-06,0,0,0,0,0,0,0,0,0,0,0,0,0,0,0.0526102459903566,0,0,0,0,0.0359581341829669,0,0,0.0177782560541805,0,10
2.53293007821673,0.0694094298069521,0,0,0,1.94140864733082e-06,0,0,0,0,0,0,0,0,0,0,0,0,0,0,4.36417360763131e-05,0,0,0,0,0.0344434770251513,0,0,0.0440008958758474,0,10
2.74546032014813,0.161001750822003,0,0,0,2.78686377248662e-06,0,0,0,0,0,0,0,0,0,0,0,0,0,0,2.5102729485712e-06,0,0,0,0,0.0359730727791239,0,0,0.106048175872135,0,10
2.8406145513467,0.34343210133212,0,0,0,4.20911826641298e-06,0,0,0,0,0,0,0,0,0,0,0,0,0,0,0,0,0,0,0,0.0373658842686089,0,0,0.219180147995969,0,10
2.73926044728857,0.600597651164572,0,0,0,6.34609769937704e-06,0,0,0,0,0,0,0,0,0,0,0,0,0,0,0,0,0,0,0,0.0403318051225886,0,0,0.426452645427268,0,10
2.77861932675438,0.787056721347166,0,0,0,1.04871895130129e-05,0,0,0,0,0,0,0,0,0,0,0,0,0,0,0,0,0,0,0,0.0473566704725448,0,0,0.566573924791083,0,10
2.79098008879041,0.95671294164077,0,0,0,1.8161945824814e-05,0,0,0,0,0,0,0,0,0,0,0,0,0,0,0,0,0,0,0,0.0524883830281587,0,0,0.683139050127863,0,10
2.87880465829143,1.00314693838509,0,0,0,3.16469335940014e-05,0,0,0,0,0,0,0,0,0,0,0,0,0,0,0,0,0,0,0,0.0604831663297557,0,0,0.780451621574771,0,10
2.84769415163315,1.03285328618199,0,0,0,6.3857557234331e-05,0,0,0,0,0,0,0,0,0,0,0,0,0,0,0,0,0,0,0,0.0672365482445452,0,0,0.792710483870158,0,10
2.63767718278491,1.06842462447959,0,0,0,9.90091536484515e-05,0,0,0,0,0,0,0,0,0,0,0,0,0,0,0,0,0,0,0,0.0776304618269777,0,0,0.822440760444249,0,10
2.48958563261274,1.05857812653478,0,0,0,0.000187409087411235,0,0,0,0,0,0,0,0,0,0,0,0,0,0,0,0,0,0,0,0.079187704928528,0,0,0.838780431665213,0,10
2.48730106977271,1.03776902568748,0,0,0,0.000392138882894778,0,0,0,0,0,0,0,0,0,0,0,0,0,0,0,0,0,0,0,0.0902817378236007,0,0,0.871869034238487,0,10
2.23114292072381,1.05808211170798,0,0,0,0.000753968890552944,0,0,0,0,0,0,0,0,0,0,0,0,0,0,0,0,0,0,0,0.10350271064721,0,0,0.865418281779015,0,10
2.2176500293607,0.993641011274811,0,0,0,0.00121808126723961,0,0,0,0,0,0,0,0,0,0,0,0,0,0,0,0,0,0,0,0.118080356058704,0,0,0.897786519935878,0,10
2.11431556329054,0.953718237258867,0,0,0,0.0023704308730397,0,0,0,0,0,0,0,0,0,0,0,0,0,0,0,0,0,0,0,0.132394884727261,0,0,0.917977468935816,0,10
2.03151023488019,0.963523643997134,0,0,0,0.00399135373463263,0,0,0,0,0,0,0,0,0,0,0,0,0,0,0,0,0,0,0,0.141463869035835,0,0,0.90524638627488,0,10
2.00668789587538,0.971002805778248,0,0,0,0.00728173219029274,0,0,0,0,0,0,0,0,0,0,0,0,0,0,0,0,0,0,0,0.168185013997787,0,0,0.882806077607805,0,10
1.81433349030409,1.0560006130881,0,0,0,0.0125201029570419,0,0,0,0,0,0,0,0,0,0,0,0,0,0,0,0,0,0,0,0.18679529267374,0,0,0.929387011823913,0,10
1.83293815281248,1.00830599863614,0,0,0,0.0209527625413228,0,0,0,0,0,0,0,0,0,0,0,0,0,0,0,0,0,0,0,0.209947159706093,0,0,0.85452875242022,0,10
1.67982936937663,1.04827906554981,0,0,0,0.0362672144221244,0,0,0,0,0,0,0,0,0,0,0,0,0,0,0,0,0,0,0,0.238483358366197,0,0,0.860652341232969,0,10
1.40094101026798,0.994378739052546,0,0,0,0.0656034718182178,0,0,0,0,0,0,0,0,0,0,0,0,0,0,0,0,0,0,0,0.277448236262979,0,0,0.771383188465111,0,10
1.33215349683629,0.985659627530506,0,0,0,0.103731574446894,0,0,0,0,0,0,0,0,0,0,0,0,0,0,0,0,0,0,0,0.341342812786908,0,0,0.66866976964225,0,10
1.22767330240221,1.12663102355855,0,0,0,0.168026377756975,0,0,0,0,0,0,0,0,0,0,0,0,0,0,0,0,0,0,0,0.365340686469614,0,0,0.55917121658417,0,10
1.28566729362852,1.17726783180811,0,0,0,0.268238005860302,0,0,0,0,0,0,0,0,0,0,0,0,0,0,0,0,0,0,0,0.405868370247775,0,0,0.310695873754103,0,10
1.29398749248492,1.35497619746177,0,0,0,0.37685586236863,0,0,0,0,0,0,0,0,0,0,0,0,0,0,0,0,0,0,0,0.514752461682776,0,0,0.0217589345351093,0,10
1.19483430612696,1.53325932582484,0,0,0,0.361317116327989,0,0,0,0,0,0,0,0,0,0,0,0,0,0,0,0,0,0,0,0.601582135123439,0,0,0.000209728497866915,0,10
1.16738947922885,1.57724350871826,0,0,0,0.305671168245819,0,0,0,0,0,0,0,0,0,0,0,0,0,0,0,0,0,0,0,0.637049782019613,0,0,2.96677296196365e-05,0,10
1.24704592640909,1.4838401185953,0,0,0,0.255906513019039,0,0,0,0,0,0,0,0,0,0,0,0,0,0,0,0,0,0,0,0.715879473965612,0,0,9.9015568381622e-06,0,10
1.30426297491142,1.57654426484162,0,0,0,0.222037121083324,0,0,0,0,0,0,0,0,0,0,0,0,0,0,0,0,0,0,0,0.72464186714461,0,0,4.82834151943369e-06,0,10
1.2622433788396,1.54287676766373,0,0,0,0.194114528524532,0,0,0,0,0,0,0,0,0,0,0,0,0,0,0,0,0,0,0,0.821582089506722,0,0,2.78720876610039e-06,0,10
1.20152262039936,1.37222563202498,0,0,0,0.153207854741718,0,0,0,0,0,0,0,0,0,0,0,0,0,0,0,0,0,0,0,1.06299654446935,0,0,1.89342210257471e-06,0,10
1.10490696282831,1.35864075872746,0,0,0,0.13174151247488,0,0,0,0,0,0,0,0,0,0,0,0,0,0,0,0,0,0,0,1.12293534779062,0,0,1.50965381689248e-06,0,10
1.15863452849528,1.24484817348373,0,0,0,0.115108424707569,0,0,0,0,0,0,0,0,0,0,0,0,0,0,0,0,0,0,0,1.22183975651523,0,0,1.41672294899957e-06,0,10
1.01420996411175,1.06701560572522,0,0,0,0.0911146628796442,0,0,0,0,0,0,0,0,0,0,0,0,0,0,0,0,0,0,0,1.39293130605352,0,0,1.54834014113883e-06,0,10
0.977310866057605,1.06771566907057,0,0,0,0.0698275289216525,0,0,0,0,0,0,0,0,0,0,0,0,0,0,0,0,0,0,0,1.37797540519841,0,0,1.71222738454683e-06,0,10
0.927284369977714,0.737861344525074,0,0,0,0.0483629342193056,0,0,0,0,0,0,0,0,0,0,0,0,0,0,0,0,0,0,0,1.54975493778634,0,0,2.26337331041437e-06,0,10
0.921591610180893,0.432242428918343,0,0,0,0.0309443570586205,0,0,0,0,0,0,0,0,0,0,0,0,0,0,0,0,0,0,0,1.66838138888648,0,0,3.52525021676981e-06,0,10
0.91651483462151,0.0614467174678296,0,0,0,0.0112321701892924,0,0,0,0,0,0,0,0,0,0,0,0,0,0,0,0,0,0,0,1.78773273069226,0,0,5.29344563120999e-06,0,10
0.9110184890833,0.00427078681394313,0,0,0,0.00220236473089076,0,0,0,0,0,0,0,0,0,0,0,0,0,0,0,0,0,0,0,1.61599566234414,0,0,6.08134319961751e-06,0,10
0.864500077301573,0.000751885424835805,0,0,0,0.000522360966509532,0,0,0,0,0,0,0,0,0,0,0,0,0,0,0,0,0,0,0,1.59228451703686,0,0,6.43263344801808e-06,0,10
0.795929191718224,0.00047212085139732,0,0,0,0.000235809578371975,0,0,0,0,0,0,0,0,0,0,0,0,0,0,0,0,0,0,0,1.24384936564411,0,0,9.06814094881423e-06,0,10
0.764918120376273,0.00035058952247913,0,0,0,0.00011858350781568,0,0,0,0,0,0,0,0,0,0,0,0,0,0,0,0,0,0,0,1.09974229591683,0,0,1.20378297054776e-05,0,10
0.720437561358935,0.00026555561969019,0,0,0,6.80676109864012e-05,0,0,0,0,0,0,0,0,0,0,0,0,0,0,0,0,0,0,0,1.01944450974563,0,0,1.5846971360849e-05,0,10
0.684657040219351,0.000284988616978758,0,0,0,4.3855954719543e-05,0,0,0,0,0,0,0,0,0,0,0,0,0,0,0,0,0,0,0,0.872763296677472,0,0,2.48143573139318e-05,0,10
0.667862096725273,0.000317976172026372,0,0,0,3.01127069603221e-05,0,0,0,0,0,0,0,0,0,0,0,0,0,0,0,0,0,0,0,0.79464583120935,0,0,3.83982814785656e-05,0,10
0.608388270264063,0.000386434824200572,0,0,0,2.05821123027699e-05,0,0,0,0,0,0,0,0,0,0,0,0,0,0,0,0,0,0,0,0.667474310121264,0,0,6.56371511467577e-05,0,10
0.612623151276697,0.000545306052113899,0,0,0,1.48905669985189e-05,0,0,0,0,0,0,0,0,0,0,0,0,0,0,0,0,0,0,0,0.543603037338107,0,0,0.00010798124050429,0,10
0.665726943421402,0.000770630154420934,0,0,0,1.24344446729358e-05,0,0,0,0,0,0,0,0,0,0,0,0,0,0,0,0,0,0,0,0.485795805470506,0,0,0.000195543457936891,0,10
0.612422510560808,0.00106665584099765,0,0,0,1.0132992022145e-05,0,0,0,0,0,0,0,0,0,0,0,0,0,0,0,0,0,0,0,0.433317603041227,0,0,0.000307160027385025,0,10
0.647200344207058,0.001498213080789,0,0,0,8.25670265492448e-06,0,0,0,0,0,0,0,0,0,0,0,0,0,0,0,0,0,0,0,0.400898366654413,0,0,0.000507981309479652,0,10
0.658412803540251,0.00198814535948341,0,0,0,7.46946709079093e-06,0,0,0,0,0,0,0,0,0,0,0,0,0,0,0,0,0,0,0,0.391463690791492,0,0,0.00074769047688235,0,10
0.64056484360396,0.0031982488834047,0,0,0,5.80782604333394e-06,0,0,0,0,0,0,0,0,0,0,0,0,0,0,0,0,0,0,0,0.334957004089169,0,0,0.00120326520974082,0,10
0.599139234356928,0.00503687869345563,0,0,0,4.62742230040667e-06,0,0,0,0,0,0,0,0,0,0,0,0,0,0,0,0,0,0,0,0.275040524847417,0,0,0.00211241273254104,0,10
0.616925270507966,0.00895797457940281,0,0,0,4.10480047595441e-06,0,0,0,0,0,0,0,0,0,0,0,0,0,0,0,0,0,0,0,0.225554850655468,0,0,0.00417008345257403,0,10
0.568588445538525,0.0166953775874621,0,0,0,4.09629121818393e-06,0,0,0,0,0,0,0,0,0,0,0,0,0,0,0,0,0,0,0,0.192570537233328,0,0,0.00786060076655909,0,10
0.53324147331031,0.0295997865586681,0,0,0,3.85574855644276e-06,0,0,0,0,0,0,0,0,0,0,0,0,0,0,0,0,0,0,0,0.171511600125245,0,0,0.0155553627574925,0,10
0.541123784806047,0.053424296090638,0,0,0,4.21169049529211e-06,0,0,0,0,0,0,0,0,0,0,0,0,0,0,0,0,0,0,0,0.170058424123308,0,0,0.0299556605518797,0,10
0.489886564467469,0.0984366403700865,0,0,0,5.12271645489495e-06,0,0,0,0,0,0,0,0,0,0,0,0,0,0,0,0,0,0,0,0.166363222804581,0,0,0.061738391247307,0,10
0.45114030857995,0.182106004428171,0,0,0,6.43619854368728e-06,0,0,0,0,0,0,0,0,0,0,0,0,0,0,0,0,0,0,0,0.175822088688386,0,0,0.114942849663241,0,10
0.408996661905176,0.350775503501592,0,0,0,9.23617172546934e-06,0,0,0,0,0,0,0,0,0,0,0,0,0,0,0,0,0,0,0,0.190681501552644,0,0,0.203722478879513,0,10
0.433027616686731,0.568778524766872,0,0,0,1.40163642528399e-05,0,0,0,0,0,0,0,0,0,0,0,0,0,0,0,0,0,0,0,0.204846856822363,0,0,0.340828595097006,0,10
0.39884038284872,0.76858126196914,0,0,0,2.43540882827396e-05,0,0,0,0,0,0,0,0,0,0,0,0,0,0,0,0,0,0,0,0.238104499362404,0,0,0.475311823997407,0,10
0.391752091215654,0.886252589787052,0,0,0,4.30800745441994e-05,0,0,0,0,0,0,0,0,0,0,0,0,0,0,0,0,0,0,0,0.267890201154369,0,0,0.606322062081298,0,10
0.382072762009838,0.936037182625854,0,0,0,6.00349938761402e-05,0,0,0,0,0,0,0,0,0,0,0,0,0,0,0,0,0,0,0,0.327549778927739,0,0,0.692668208729418,0,10
0.424576192108993,1.01582545282366,0,0,0,8.94658793279414e-05,0,0,0,0,0,0,0,0,0,0,0,0,0,0,0,0,0,0,0,0.353168383909757,0,0,0.758319975380796,0,10
0.402619375326599,1.00728008520191,0,0,0,0.000163215276928158,0,0,0,0,0,0,0,0,0,0,0,0,0,0,0,0,0,0,0,0.412428910140186,0,0,0.753486478158387,0,10
0.414152849944394,1.02249921719402,0,0,0,0.000261626384958288,0,0,0,0,0,0,0,0,0,0,0,0,0,0,0,0,0,0,0,0.463836114254437,0,0,0.797974301974027,0,10
0.409394380777281,1.10086612947188,0,0,0,0.000510889972799414,0,0,0,0,0,0,0,0,0,0,0,0,0,0,0,0,0,0,0,0.537410790480969,0,0,0.724847031867309,0,10
0.375490731877353,0.955003066784361,0,0,0,0.000881019441616995,0,0,0,0,0,0,0,0,0,0,0,0,0,0,0,0,0,0,0,0.648080754030273,0,0,0.713367966696347,0,10
0.368864580973174,0.97510317070395,0,0,0,0.00160567972726474,0,0,0,0,0,0,0,0,0,0,0,0,0,0,0,0,0,0,0,0.718470471989679,0,0,0.713503912042485,0,10
0.380593842461131,0.952895391780681,0,0,0,0.00279993756821417,0,0,0,0,0,0,0,0,0,0,0,0,0,0,0,0,0,0,0,0.759197650365457,0,0,0.711084665881175,0,10
0.361661274328243,0.895995539238798,0,0,0,0.00584898326326285,0,0,0,0,0,0,0,0,0,0,0,0,0,0,0,0,0,0,0,0.893646626246698,0,0,0.676315508225576,0,10
0.355518768239702,0.791844065779457,0,0,0,0.0103729873621103,0,0,0,0,0,0,0,0,0,0,0,0,0,0,0,0,0,0,0,1.04502855075804,0,0,0.598571241402789,0,10
0.376662258561597,0.71263882266112,0,0,0,0.0188722896418181,0,0,0,0,0,0,0,0,0,0,0,0,0,0,0,0,0,0,0,1.16947526067359,0,0,0.569677673008381,0,10
0.354981338315475,0.607034382226007,0,0,0,0.0273777725868493,0,0,0,0,0,0,0,0,0,0,0,0,0,0,0,0,0,0,0,1.45716405675021,0,0,0.464693146854238,0,10
0.349547900638916,0.422682854315874,0,0,0,0.041990899840622,0,0,0,0,0,0,0,0,0,0,0,0,0,0,0,0,0,0,0,1.69177658642898,0,0,0.308424791151608,0,10
0.328887943668257,0.199359906853831,0,0,0,0.0409465685088561,0,0,0,0,0,0,0,0,0,0,0,0,0,0,0,0,0,0,0,1.78476344986937,0,0,0.134613777212338,0,10
0.320165025393697,0.0261102675654272,0,0,0,0.0156551980637765,0,0,0,0,0,0,0,0,0,0,0,0,0,0,0,0,0,0,0,1.76855864412375,0,0,0.0158686801809327,0,10
0.329957259085697,0.00252862639954878,0,0,0,0.00283008066513268,0,0,0,0,0,0,0,0,0,0,0,0,0,0,0,0,0,0,0,1.62042263397866,0,0,0.00170817624925624,0,10
0.3253608122119,0.00102297258358666,0,0,0,0.000951112310938442,0,0,0,0,0,0,0,0,0,0,0,0,0,0,0,0,0,0,0,1.27393632612796,0,0,0.000758262008095111,0,10
0.291398124563122,0.000505261247979712,0,0,0,0.000419767150133219,0,0,0,0,0,0,0,0,0,0,0,0,0,0,0,0,0,0,0,1.17489195794656,0,0,0.00043090424144099,0,10
0.290874374777354,0.000352160973784814,0,0,0,0.00021214753726867,0,0,0,0,0,0,0,0,0,0,0,0,0,0,0,0,0,0,0,1.04409060029953,0,0,0.000321781965652759,0,10
0.283156210380587,0.000293452724737676,0,0,0,0.000124367837045471,0,0,0,0,0,0,0,0,0,0,0,0,0,0,0,0,0,0,0,0.966410515458644,0,0,0.000271498686742254,0,10
0.303492818398665,0.000306407820117934,0,0,0,8.19466938171039e-05,0,0,0,0,0,0,0,0,0,0,0,0,0,0,0,0,0,0,0,0.821219249466777,0,0,0.000287028820626178,0,10
0.279755201171433,0.00036669139317096,0,0,0,6.03983219738727e-05,0,0,0,0,0,0,0,0,0,0,0,0,0,0,0,0,0,0,0,0.690269230047754,0,0,0.00033296829525403,0,10
0.282836638096555,0.000467365582154947,0,0,0,4.47209812078212e-05,0,0,0,0,0,0,0,0,0,0,0,0,0,0,0,0,0,0,0,0.630905626387325,0,0,0.000405703696146617,0,10
0.288197243656786,0.000587989507229951,0,0,0,3.34937288977084e-05,0,0,0,0,0,0,0,0,0,0,0,0,0,0,0,0,0,0,0,0.576949051313784,0,0,0.000525734855086877,0,10
0.283017403220966,0.000898565886213368,0,0,0,2.73629451973681e-05,0,0,0,0,0,0,0,0,0,0,0,0,0,0,0,0,0,0,0,0.475269827268685,0,0,0.000814348288636504,0,10
0.280034614437117,0.00147815049701884,0,0,0,2.34977257717252e-05,0,0,0,0,0,0,0,0,0,0,0,0,0,0,0,0,0,0,0,0.404384449397881,0,0,0.0012828702627644,0,10
0.257892610633038,0.00219536878870541,0,0,0,2.07800105012263e-05,0,0,0,0,0,0,0,0,0,0,0,0,0,0,0,0,0,0,0,0.351405482349483,0,0,0.00202048365870996,0,10
0.246110477272353,0.0036146748557277,0,0,0,1.80236812673412e-05,0,0,0,0,0,0,0,0,0,0,0,0,0,0,0,0,0,0,0,0.314681279245141,0,0,0.00324520945272069,0,10
0.24956568990935,0.00544689316008234,0,0,0,1.50108479838406e-05,0,0,0,0,0,0,0,0,0,0,0,0,0,0,0,0,0,0,0,0.307661465696542,0,0,0.0047946429517652,0,10
0.237017490539269,0.00809181642305646,0,0,0,1.40539046259286e-05,0,0,0,0,0,0,0,0,0,0,0,0,0,0,0,0,0,0,0,0.274486560913992,0,0,0.00717475704639108,0,10
0.231874789360272,0.0131758929169405,0,0,0,1.25193791086015e-05,0,0,0,0,0,0,0,0,0,0,0,0,0,0,0,0,0,0,0,0.234273403878139,0,0,0.0119415031446352,0,10
0.208117443243374,0.0218744975535471,0,0,0,1.30195972401912e-05,0,0,0,0,0,0,0,0,0,0,0,0,0,0,0,0,0,0,0,0.218016813780622,0,0,0.0194785523288478,0,10
0.211069250036013,0.0365686847244809,0,0,0,1.30302837920355e-05,0,0,0,0,0,0,0,0,0,0,0,0,0,0,0,0,0,0,0,0.209103720889473,0,0,0.0328862647036082,0,10
0.214565969918657,0.0587751213865164,0,0,0,1.50242206713851e-05,0,0,0,0,0,0,0,0,0,0,0,0,0,0,0,0,0,0,0,0.208053299154257,0,0,0.0511249932709876,0,10
0.205986756771938,0.0869177691757845,0,0,0,1.60320252541928e-05,0,0,0,0,0,0,0,0,0,0,0,0,0,0,0,0,0,0,0,0.228320878371755,0,0,0.0853927235730404,0,10
0.204324180880023,0.136569264178243,0,0,0,2.31158782652332e-05,0,0,0,0,0,0,0,0,0,0,0,0,0,0,0,0,0,0,0,0.236637273866361,0,0,0.138963988118689,0,10
0.202278480240751,0.232210970601387,0,0,0,3.80010931937878e-05,0,0,0,0,0,0,0,0,0,0,0,0,0,0,0,0,0,0,0,0.23248993938109,0,0,0.225274345880356,0,10
0.188326170084951,0.416912439647472,0,0,0,5.8859421545718e-05,0,0,0,0,0,0,0,0,0,0,0,0,0,0,0,0,0,0,0,0.270152774003029,0,0,0.391335517498747,0,10
0.198676090000468,0.594665845233593,0,0,0,0.000116873754608025,0,0,0,0,0,0,0,0,0,0,0,0,0,0,0,0,0,0,0,0.314415719024344,0,0,0.523706392505601,0,10
0.187516521404989,0.760971955764644,0,0,0,0.00021065926369937,0,0,0,0,0,0,0,0,0,0,0,0,0,0,0,0,0,0,0,0.332290651248968,0,0,0.688110923166456,0,10
0.193804441473142,0.860157946233289,0,0,0,0.000440311606070174,0,0,0,0,0,0,0,0,0,0,0,0,0,0,0,0,0,0,0,0.373581460183092,0,0,0.74782388359992,0,10
0.190322363030581,0.886680218332975,0,0,0,0.000881124160092856,0,0,0,0,0,0,0,0,0,0,0,0,0,0,0,0,0,0,0,0.376090908205464,0,0,0.864714964201747,0,10
0.196585131392387,0.825509605757002,0,0,0,0.00164167043105953,0,0,0,0,0,0,0,0,0,0,0,0,0,0,0,0,0,0,0,0.444269108106603,0,0,0.821003128976968,0,10
0.18380258890183,0.876556028620857,0,0,0,0.00257649398355136,0,0,0,0,0,0,0,0,0,0,0,0,0,0,0,0,0,0,0,0.464860419957527,0,0,0.802109206883892,0,10
0.178203315468137,0.852737758272443,0,0,0,0.00433570808261952,0,0,0,0,0,0,0,0,0,0,0,0,0,0,0,0,0,0,0,0.538073123938637,0,0,0.783441508378637,0,10
0.162476409403261,0.875123898050322,0,0,0,0.00717328743967307,0,0,0,0,0,0,0,0,0,0,0,0,0,0,0,0,0,0,0,0.623975795067748,0,0,0.748326065906946,0,10
0.141893735565429,0.858535022897001,0,0,0,0.0102672191035899,0,0,0,0,0,0,0,0,0,0,0,0,0,0,0,0,0,0,0,0.663708712922708,0,0,0.768398763690312,0,10
0.14290900490801,0.843507655953879,0,0,0,0.0170542513511278,0,0,0,0,0,0,0,0,0,0,0,0,0,0,0,0,0,0,0,0.767221346786942,0,0,0.759520338204075,0,10
0.134448207640502,0.734875272976248,0,0,0,0.0337250201798174,0,0,0,0,0,0,0,0,0,0,0,0,0,0,0,0,0,0,0,0.977721341270161,0,0,0.68060166138614,0,10
0.140329677060591,0.677770224913528,0,0,0,0.0478925855794519,0,0,0,0,0,0,0,0,0,0,0,0,0,0,0,0,0,0,0,0.985634588714548,0,0,0.645805345882457,0,10
0.12951774343199,0.629914566388215,0,0,0,0.0753449060395336,0,0,0,0,0,0,0,0,0,0,0,0,0,0,0,0,0,0,0,1.0262028660725,0,0,0.592864283643839,0,10
0.134514635157567,0.635784691856873,0,0,0,0.101469195977904,0,0,0,0,0,0,0,0,0,0,0,0,0,0,0,0,0,0,0,1.10903748193717,0,0,0.495809679757677,0,10
0.128329980853489,0.536509977308278,0,0,0,0.134570171072145,0,0,0,0,0,0,0,0,0,0,0,0,0,0,0,0,0,0,0,1.24355124689542,0,0,0.339051465357144,0,10
0.121668792831966,0.480311298123573,0,0,0,0.154965876754243,0,0,0,0,0,0,0,0,0,0,0,0,0,0,0,0,0,0,0,1.35119778964777,0,0,0.144402904359522,0,10
0.123506909797005,0.30193851959776,0,0,0,0.115036045919869,0,0,0,0,0,0,0,0,0,0,0,0,0,0,0,0,0,0,0,1.56766200769077,0,0,0.0233584678021672,0,10
0.126739559985651,0.0870198629673086,0,0,0,0.0442448895385201,0,0,0,0,0,0,0,0,0,0,0,0,0,0,0,0,0,0,0,1.55873862089588,0,0,0.00487365330484378,0,10
0.116948068922437,0.0108502854275522,0,0,0,0.009077667671427,0,0,0,0,0,0,0,0,0,0,0,0,0,0,0,0,0,0,0,1.4187104266311,0,0,0.00149295355881217,0,10
0.118191050702937,0.00317039853480524,0,0,0,0.0027991923470743,0,0,0,0,0,0,0,0,0,0,0,0,0,0,0,0,0,0,0,1.18741289941625,0,0,0.000724866928935875,0,10
0.112590222355146,0.00152847560452036,0,0,0,0.00109162170766566,0,0,0,0,0,0,0,0,0,0,0,0,0,0,0,0,0,0,0,1.0250483268221,0,0,0.000509338374864515,0,10
0.109085656756998,0.00104275782779868,0,0,0,0.000562310923421944,0,0,0,0,0,0,0,0,0,0,0,0,0,0,0,0,0,0,0,0.885184612223773,0,0,0.000436062305590366,0,10
0.105933081727296,0.000798949622978044,0,0,0,0.000294488219903609,0,0,0,0,0,0,0,0,0,0,0,0,0,0,0,0,0,0,0,0.829803409936183,0,0,0.000410376044072924,0,10
0.106722549788987,0.000718850233486158,0,0,0,0.000183586148044448,0,0,0,0,0,0,0,0,0,0,0,0,0,0,0,0,0,0,0,0.763048076555361,0,0,0.000447400300348531,0,10
0.110973357308297,0.000867612013510828,0,0,0,0.0001280662685992,0,0,0,0,0,0,0,0,0,0,0,0,0,0,0,0,0,0,0,0.624648526075337,0,0,0.000533743955216761,0,10
0.109782814717379,0.00115011760424599,0,0,0,9.11934292972378e-05,0,0,0,0,0,0,0,0,0,0,0,0,0,0,0,0,0,0,0,0.542489579388132,0,0,0.000712999460033057,0,10
0.10938107881554,0.0014407698764595,0,0,0,6.25146188344025e-05,0,0,0,0,0,0,0,0,0,0,0,0,0,0,0,0,0,0,0,0.520403856133438,0,0,0.000821206444428352,0,10
0.102285279713347,0.00189441580546567,0,0,0,4.50759774837868e-05,0,0,0,0,0,0,0,0,0,0,0,0,0,0,0,0,0,0,0,0.456220601496385,0,0,0.00127133253720582,0,10
0.0947062819836343,0.00261966303837333,0,0,0,4.23391714442946e-05,0,0,0,0,0,0,0,0,0,0,0,0,0,0,0,0,0,0,0,0.423399988210338,0,0,0.00183670595260949,0,10
0.0987222822249227,0.00343724045672607,0,0,0,3.34835262180362e-05,0,0,0,0,0,0,0,0,0,0,0,0,0,0,0,0,0,0,0,0.4082604619844,0,0,0.0023646916545419,0,10
0.0980309112249307,0.00454021529673389,0,0,0,2.51075324179649e-05,0,0,0,0,0,0,0,0,0,0,0,0,0,0,0,0,0,0,0,0.360772048021731,0,0,0.00356012801061482,0,10
0.0976593983436675,0.00713823003119977,0,0,0,2.29275309655425e-05,0,0,0,0,0,0,0,0,0,0,0,0,0,0,0,0,0,0,0,0.294146684803763,0,0,0.00557304393530936,0,10
0.101824174439589,0.0107745216641733,0,0,0,2.09474429425043e-05,0,0,0,0,0,0,0,0,0,0,0,0,0,0,0,0,0,0,0,0.266551616808241,0,0,0.00954806879911632,0,10
0.0989069219704754,0.0170333824421762,0,0,0,1.83882466903516e-05,0,0,0,0,0,0,0,0,0,0,0,0,0,0,0,0,0,0,0,0.237906065287846,0,0,0.0153261910688131,0,10
0.0930696886774945,0.0293314349684818,0,0,0,1.7620061052312e-05,0,0,0,0,0,0,0,0,0,0,0,0,0,0,0,0,0,0,0,0.220436002348318,0,0,0.0235246210516757,0,10
0.0906780282283342,0.0475859581711123,0,0,0,1.65517873218597e-05,0,0,0,0,0,0,0,0,0,0,0,0,0,0,0,0,0,0,0,0.214128974368673,0,0,0.0400750060790727,0,10
0.086073044790269,0.0806826329727272,0,0,0,2.05373080287738e-05,0,0,0,0,0,0,0,0,0,0,0,0,0,0,0,0,0,0,0,0.214411122273443,0,0,0.0709568300789988,0,10
0.0867692733571718,0.140479542351665,0,0,0,2.98419835992213e-05,0,0,0,0,0,0,0,0,0,0,0,0,0,0,0,0,0,0,0,0.237540376214676,0,0,0.112131533973689,0,10
0.0793364026086157,0.217176635970365,0,0,0,4.10801008160364e-05,0,0,0,0,0,0,0,0,0,0,0,0,0,0,0,0,0,0,0,0.250324940748178,0,0,0.202001262186659,0,10
0.0808755999523111,0.350696117950247,0,0,0,7.13103500701553e-05,0,0,0,0,0,0,0,0,0,0,0,0,0,0,0,0,0,0,0,0.274128702848795,0,0,0.33732042815428,0,10
0.0854906913359616,0.540000758267073,0,0,0,0.000113407385354233,0,0,0,0,0,0,0,0,0,0,0,0,0,0,0,0,0,0,0,0.321654780742551,0,0,0.499305480718494,0,10
0.0842928967716407,0.672054730845792,0,0,0,0.000170929223902529,0,0,0,0,0,0,0,0,0,0,0,0,0,0,0,0,0,0,0,0.358491065270441,0,0,0.619979404345143,0,10
0.0839698648251605,0.793890800022845,0,0,0,0.000247091070055922,0,0,0,0,0,0,0,0,0,0,0,0,0,0,0,0,0,0,0,0.411020484047284,0,0,0.720561826982741,0,10
0.0872823924754524,0.806760884372335,0,0,0,0.000427925934433658,0,0,0,0,0,0,0,0,0,0,0,0,0,0,0,0,0,0,0,0.451489224517567,0,0,0.759249108778705,0,10
0.0905987316602997,0.847204630048582,0,0,0,0.000738397670685445,0,0,0,0,0,0,0,0,0,0,0,0,0,0,0,0,0,0,0,0.474487388933442,0,0,0.763130565255276,0,10
0.0866069961912154,0.853420896510576,0,0,0,0.0013653465905368,0,0,0,0,0,0,0,0,0,0,0,0,0,0,0,0,0,0,0,0.509481012499235,0,0,0.835753440876784,0,10
0.0924649271882716,0.812801146912834,0,0,0,0.00241795326585284,0,0,0,0,0,0,0,0,0,0,0,0,0,0,0,0,0,0,0,0.562729361924727,0,0,0.827590763337932,0,10
0.083880513297147,0.748746883008027,0,0,0,0.00388970389237222,0,0,0,0,0,0,0,0,0,0,0,0,0,0,0,0,0,0,0,0.668459121603577,0,0,0.768506682129431,0,10
0.0791395568394177,0.723246184717507,0,0,0,0.00669957066367606,0,0,0,0,0,0,0,0,0,0,0,0,0,0,0,0,0,0,0,0.698843204016788,0,0,0.799533716230528,0,10
0.0769887219879146,0.694221709132207,0,0,0,0.0137447256464094,0,0,0,0,0,0,0,0,0,0,0,0,0,0,0,0,0,0,0,0.861682464791824,0,0,0.763403781211861,0,10
0.0737720414214562,0.650010950259581,0,0,0,0.023146960677546,0,0,0,0,0,0,0,0,0,0,0,0,0,0,0,0,0,0,0,0.868780511552459,0,0,0.726735789506468,0,10
0.0749187386648677,0.603932856049726,0,0,0,0.035135713955916,0,0,0,0,0,0,0,0,0,0,0,0,0,0,0,0,0,0,0,0.960869141798638,0,0,0.626385500314805,0,10
0.0740151684373578,0.573696454137128,0,0,0,0.0565649920600286,0,0,0,0,0,0,0,0,0,0,0,0,0,0,0,0,0,0,0,1.08362803014425,0,0,0.523645816483356,0,10
0.071102308779162,0.513493415845552,0,0,0,0.0817486887283135,0,0,0,0,0,0,0,0,0,0,0,0,0,0,0,0,0,0,0,1.20452640353891,0,0,0.378033432988206,0,10
0.0654081313554962,0.436881832286767,0,0,0,0.092489855724204,0,0,0,0,0,0,0,0,0,0,0,0,0,0,0,0,0,0,0,1.37210637617231,0,0,0.23224242668034,0,10
0.0730876875564513,0.221647264585018,0,0,0,0.083707848768528,0,0,0,0,0,0,0,0,0,0,0,0,0,0,0,0,0,0,0,1.57078357679466,0,0,0.0707184694105401,0,10
0.0685214680782571,0.0407316563439813,0,0,0,0.0288113486801944,0,0,0,0,0,0,0,0,0,0,0,0,0,0,0,0,0,0,0,1.57533955110047,0,0,0.0112604426898604,0,10
0.0710827830455081,0.00533314729044341,0,0,0,0.00595460095026708,0,0,0,0,0,0,0,0,0,0,0,0,0,0,0,0,0,0,0,1.40176730383437,0,0,0.0021434773366899,0,10
0.0709595215077396,0.0012381268038701,0,0,0,0.00152989285708546,0,0,0,0,0,0,0,0,0,0,0,0,0,0,0,0,0,0,0,1.32369727913891,0,0,0.000723102123123424,0,10
0.0733891151755557,0.000563470208140497,0,0,0,0.000579140742457775,0,0,0,0,0,0,0,0,0,0,0,0,0,0,0,0,0,0,0,1.23658872455165,0,0,0.000399060945290247,0,10
0.0725737088517285,0.000350838152481502,0,0,0,0.000258285188478305,0,0,0,0,0,0,0,0,0,0,0,0,0,0,0,0,0,0,0,1.09861849919212,0,0,0.00029362368645504,0,10
0.069473166800317,0.000330259339998874,0,0,0,0.00013796616568368,0,0,0,0,0,0,0,0,0,0,0,0,0,0,0,0,0,0,0,0.934657668782018,0,0,0.00028122176202477,0,10
0.0671070710985011,0.000319120966397236,0,0,0,8.44763608058637e-05,0,0,0,0,0,0,0,0,0,0,0,0,0,0,0,0,0,0,0,0.879214382219422,0,0,0.000247673078908337,0,10
0.0640217971166528,0.000366768126063881,0,0,0,6.60430998876364e-05,0,0,0,0,0,0,0,0,0,0,0,0,0,0,0,0,0,0,0,0.737174573478242,0,0,0.000294300439424915,0,10
0.0637447195333743,0.000472466587514955,0,0,0,4.43191543503969e-05,0,0,0,0,0,0,0,0,0,0,0,0,0,0,0,0,0,0,0,0.621049377906551,0,0,0.000355253152606782,0,10
0.0636951704019801,0.000613349075496984,0,0,0,3.49519503940195e-05,0,0,0,0,0,0,0,0,0,0,0,0,0,0,0,0,0,0,0,0.579332561340288,0,0,0.000494746997704216,0,10
0.0607628003067507,0.000882412636104374,0,0,0,2.63652378627918e-05,0,0,0,0,0,0,0,0,0,0,0,0,0,0,0,0,0,0,0,0.490961993656105,0,0,0.000774119244473596,0,10
0.0591715156524118,0.00135000009375814,0,0,0,2.02305800135388e-05,0,0,0,0,0,0,0,0,0,0,0,0,0,0,0,0,0,0,0,0.416329046360472,0,0,0.00119722664918877,0,10
0.0558665951699548,0.00224682975537128,0,0,0,1.59017519843836e-05,0,0,0,0,0,0,0,0,0,0,0,0,0,0,0,0,0,0,0,0.353101498477614,0,0,0.00174539433577738,0,10
0.0581997836764289,0.0035858786860777,0,0,0,1.32360357191636e-05,0,0,0,0,0,0,0,0,0,0,0,0,0,0,0,0,0,0,0,0.313662667649298,0,0,0.00274920887819259,0,10
0.0596158704389485,0.00556306916030764,0,0,0,1.12102221723443e-05,0,0,0,0,0,0,0,0,0,0,0,0,0,0,0,0,0,0,0,0.291383811363154,0,0,0.00449122863117823,0,10
0.0555508858044602,0.00819309445045321,0,0,0,9.88585637428642e-06,0,0,0,0,0,0,0,0,0,0,0,0,0,0,0,0,0,0,0,0.270019962082062,0,0,0.00752091428190366,0,10
0.0530648430889157,0.0130806876739885,0,0,0,9.28759139852522e-06,0,0,0,0,0,0,0,0,0,0,0,0,0,0,0,0,0,0,0,0.236514461439205,0,0,0.0132622505349864,0,10
0.0519040539515165,0.0237216095171726,0,0,0,9.94606287959589e-06,0,0,0,0,0,0,0,0,0,0,0,0,0,0,0,0,0,0,0,0.213340263071134,0,0,0.021473712385927,0,10
0.0515212806899252,0.0383709476988871,0,0,0,1.05893013971834e-05,0,0,0,0,0,0,0,0,0,0,0,0,0,0,0,0,0,0,0,0.20113895524298,0,0,0.0356535564618867,0,10
0.0571033588085215,0.0679522232427275,0,0,0,1.36614766122501e-05,0,0,0,0,0,0,0,0,0,0,0,0,0,0,0,0,0,0,0,0.204659872718727,0,0,0.0649934453001949,0,10
0.057787591479964,0.110813937232822,0,0,0,1.87332866703278e-05,0,0,0,0,0,0,0,0,0,0,0,0,0,0,0,0,0,0,0,0.201462769671087,0,0,0.125621582871869,0,10
0.0562039281553167,0.199390023840085,0,0,0,2.72199124022403e-05,0,0,0,0,0,0,0,0,0,0,0,0,0,0,0,0,0,0,0,0.236774728087744,0,0,0.233030722875307,0,10
0.0542248243649011,0.307007556687331,0,0,0,4.55320781133465e-05,0,0,0,0,0,0,0,0,0,0,0,0,0,0,0,0,0,0,0,0.283716591154035,0,0,0.401007921412102,0,10
0.0525569019762848,0.492474761197475,0,0,0,8.57298424394525e-05,0,0,0,0,0,0,0,0,0,0,0,0,0,0,0,0,0,0,0,0.317681612635842,0,0,0.599057802037984,0,10
0.0497533081162832,0.607814451863652,0,0,0,0.000162228619171689,0,0,0,0,0,0,0,0,0,0,0,0,0,0,0,0,0,0,0,0.358330056265257,0,0,0.765231204842569,0,10
0.0489512709993532,0.65832073455528,0,0,0,0.00030849576756632,0,0,0,0,0,0,0,0,0,0,0,0,0,0,0,0,0,0,0,0.423098948153899,0,0,0.830205055301058,0,10
0.0472340563555487,0.640444961901717,0,0,0,0.000513070540495475,0,0,0,0,0,0,0,0,0,0,0,0,0,0,0,0,0,0,0,0.473907160712931,0,0,0.844624494701161,0,10
0.0488744710558457,0.650437215086376,0,0,0,0.000964680191100647,0,0,0,0,0,0,0,0,0,0,0,0,0,0,0,0,0,0,0,0.534366097376544,0,0,0.870514401132701,0,10
0.048910174421141,0.668650065706086,0,0,0,0.00185687836748641,0,0,0,0,0,0,0,0,0,0,0,0,0,0,0,0,0,0,0,0.57018189774661,0,0,0.888065457648545,0,10
0.0461657432169998,0.673332741314666,0,0,0,0.00328570237374396,0,0,0,0,0,0,0,0,0,0,0,0,0,0,0,0,0,0,0,0.69156266808612,0,0,0.886244566726863,0,10
0.0414683709752333,0.662920091396176,0,0,0,0.00613167628259072,0,0,0,0,0,0,0,0,0,0,0,0,0,0,0,0,0,0,0,0.741871028179964,0,0,0.882060387646718,0,10
0.0419098178565536,0.602756144077798,0,0,0,0.0112630222296192,0,0,0,0,0,0,0,0,0,0,0,0,0,0,0,0,0,0,0,0.814328549637836,0,0,0.802235148611908,0,10
0.039758151436506,0.589459554171082,0,0,0,0.017909784859278,0,0,0,0,0,0,0,0,0,0,0,0,0,0,0,0,0,0,0,0.966687675258498,0,0,0.72068659180743,0,10
0.0370877264951159,0.57015357742265,0,0,0,0.0286954689899902,0,0,0,0,0,0,0,0,0,0,0,0,0,0,0,0,0,0,0,1.0280143139849,0,0,0.623997923688406,0,10
0.0353940297268281,0.572078134083113,0,0,0,0.0493331606495105,0,0,0,0,0,0,0,0,0,0,0,0,0,0,0,0,0,0,0,1.14814544631532,0,0,0.501745686249186,0,10
0.0348804610025667,0.527959550662749,0,0,0,0.0713134116185836,0,0,0,0,0,0,0,0,0,0,0,0,0,0,0,0,0,0,0,1.31699209822171,0,0,0.391060765591533,0,10
0.0352414870350654,0.357039811596335,0,0,0,0.0938884085719628,0,0,0,0,0,0,0,0,0,0,0,0,0,0,0,0,0,0,0,1.48579188781295,0,0,0.196853481608887,0,10
0.0325360061013338,0.18010761769497,0,0,0,0.0732040140774728,0,0,0,0,0,0,0,0,0,0,0,0,0,0,0,0,0,0,0,1.52991299386534,0,0,0.0579003660995389,0,10
0.0311616778355386,0.0232209997343338,0,0,0,0.0216797982422258,0,0,0,0,0,0,0,0,0,0,0,0,0,0,0,0,0,0,0,1.5709488229105,0,0,0.00678904398637809,0,10
0.0290169654842268,0.00437266358151613,0,0,0,0.00437263607755536,0,0,0,0,0,0,0,0,0,0,0,0,0,0,0,0,0,0,0,1.34579149159855,0,0,0.0017819929282635,0,10
0.0259536511867555,0.001410205785592,0,0,0,0.00136543745938044,0,0,0,0,0,0,0,0,0,0,0,0,0,0,0,0,0,0,0,1.23249817460809,0,0,0.000714719774671903,0,10
0.028519737798824,0.000763935101364248,0,0,0,0.000604639895796551,0,0,0,0,0,0,0,0,0,0,0,0,0,0,0,0,0,0,0,1.06288785039899,0,0,0.000484966903911433,0,10
0.028318399265075,0.000533196446787381,0,0,0,0.000295002759846299,0,0,0,0,0,0,0,0,0,0,0,0,0,0,0,0,0,0,0,0.962428303535222,0,0,0.000389245031293088,0,10
0.0277995201687868,0.000499674589021457,0,0,0,0.000158921526540293,0,0,0,0,0,0,0,0,0,0,0,0,0,0,0,0,0,0,0,0.842015624199682,0,0,0.000386777520862138,0,10
0.0268721228023572,0.000524506156663545,0,0,0,9.94646141660279e-05,0,0,0,0,0,0,0,0,0,0,0,0,0,0,0,0,0,0,0,0.777694180839598,0,0,0.000377027528363459,0,10
0.0252549613473444,0.000575851754096768,0,0,0,6.7175489927532e-05,0,0,0,0,0,0,0,0,0,0,0,0,0,0,0,0,0,0,0,0.688546504317682,0,0,0.000427489689639629,0,10
0.0242682113489646,0.000559874541073245,0,0,0,4.54973872317459e-05,0,0,0,0,0,0,0,0,0,0,0,0,0,0,0,0,0,0,0,0.672379115025293,0,0,0.000477563718433916,0,10
0.0258215872625176,0.000823325855707742,0,0,0,3.19815042732517e-05,0,0,0,0,0,0,0,0,0,0,0,0,0,0,0,0,0,0,0,0.517171211185994,0,0,0.000710449644518164,0,10
0.0256901089048478,0.00104226534259931,0,0,0,2.44179940169925e-05,0,0,0,0,0,0,0,0,0,0,0,0,0,0,0,0,0,0,0,0.484378713187689,0,0,0.000981514351012109,0,10
0.023537795853183,0.00147586127156401,0,0,0,1.92709167131105e-05,0,0,0,0,0,0,0,0,0,0,0,0,0,0,0,0,0,0,0,0.428204869731077,0,0,0.00142493793676088,0,10
0.0228571508131744,0.00224418881995619,0,0,0,1.67465208144339e-05,0,0,0,0,0,0,0,0,0,0,0,0,0,0,0,0,0,0,0,0.366064738914549,0,0,0.00201551049640221,0,10
0.02369742679415,0.00322253244140031,0,0,0,1.41633727457029e-05,0,0,0,0,0,0,0,0,0,0,0,0,0,0,0,0,0,0,0,0.324786391405819,0,0,0.00317786003821493,0,10
0.025099410476397,0.00494909658434278,0,0,0,1.29225196595022e-05,0,0,0,0,0,0,0,0,0,0,0,0,0,0,0,0,0,0,0,0.27556487293466,0,0,0.00514466745357294,0,10
0.0242678568511683,0.00763516947478765,0,0,0,1.12206523701357e-05,0,0,0,0,0,0,0,0,0,0,0,0,0,0,0,0,0,0,0,0.266882021965751,0,0,0.00786280584661305,0,10
0.0239656989460417,0.0117927746494957,0,0,0,1.15515129468757e-05,0,0,0,0,0,0,0,0,0,0,0,0,0,0,0,0,0,0,0,0.243862914157932,0,0,0.0126563434601689,0,10
0.0226645987567068,0.0196050069599048,0,0,0,1.17999141417943e-05,0,0,0,0,0,0,0,0,0,0,0,0,0,0,0,0,0,0,0,0.215771928898257,0,0,0.0212537214894933,0,10
0.0218203948599403,0.0365639825468004,0,0,0,1.35135213837582e-05,0,0,0,0,0,0,0,0,0,0,0,0,0,0,0,0,0,0,0,0.180917491530367,0,0,0.0350741572946544,0,10
0.0214991176674113,0.0641037739971452,0,0,0,1.61396563287748e-05,0,0,0,0,0,0,0,0,0,0,0,0,0,0,0,0,0,0,0,0.162392169573327,0,0,0.0641747102626698,0,10
0.0220841893937036,0.118169431488225,0,0,0,2.480774763255e-05,0,0,0,0,0,0,0,0,0,0,0,0,0,0,0,0,0,0,0,0.173335267459435,0,0,0.127623647579476,0,10
0.0211706069742441,0.244491260624388,0,0,0,4.13367394613461e-05,0,0,0,0,0,0,0,0,0,0,0,0,0,0,0,0,0,0,0,0.173584816784922,0,0,0.231413012605111,0,10
0.0209157045048547,0.401074803232815,0,0,0,7.03984253288361e-05,0,0,0,0,0,0,0,0,0,0,0,0,0,0,0,0,0,0,0,0.195727887342168,0,0,0.390805085367103,0,10
0.0211343569493337,0.641942232548307,0,0,0,0.00012830177025363,0,0,0,0,0,0,0,0,0,0,0,0,0,0,0,0,0,0,0,0.216271940386026,0,0,0.596072411845066,0,10
0.0209974407617895,0.781432445569889,0,0,0,0.000234385053095638,0,0,0,0,0,0,0,0,0,0,0,0,0,0,0,0,0,0,0,0.271337544195216,0,0,0.73096079004524,0,10
0.0213537487893205,0.818893100433757,0,0,0,0.000404183375540401,0,0,0,0,0,0,0,0,0,0,0,0,0,0,0,0,0,0,0,0.284314355838454,0,0,0.850548688888231,0,10
0.0211067022001361,0.89900957283343,0,0,0,0.000675163164901485,0,0,0,0,0,0,0,0,0,0,0,0,0,0,0,0,0,0,0,0.321247539684121,0,0,0.866835865716334,0,10
0.0208033976104498,0.863353569073988,0,0,0,0.00122542727920855,0,0,0,0,0,0,0,0,0,0,0,0,0,0,0,0,0,0,0,0.334081014544334,0,0,0.903897494732179,0,10
0.0201158814087637,0.834579022125953,0,0,0,0.00258305120630798,0,0,0,0,0,0,0,0,0,0,0,0,0,0,0,0,0,0,0,0.365229390972547,0,0,0.923048952431463,0,10
0.0202533478959901,0.817619813597288,0,0,0,0.00499892976304846,0,0,0,0,0,0,0,0,0,0,0,0,0,0,0,0,0,0,0,0.423388747409799,0,0,0.850703992659158,0,10
0.0205980113110901,0.810590301968243,0,0,0,0.00901172530791637,0,0,0,0,0,0,0,0,0,0,0,0,0,0,0,0,0,0,0,0.508768763327423,0,0,0.859674168579058,0,10
0.0200120823817629,0.877342035024049,0,0,0,0.0148698916202232,0,0,0,0,0,0,0,0,0,0,0,0,0,0,0,0,0,0,0,0.526019627678051,0,0,0.846992376353424,0,10
0.0194870225821727,0.847443420124396,0,0,0,0.028204742499751,0,0,0,0,0,0,0,0,0,0,0,0,0,0,0,0,0,0,0,0.619740822909977,0,0,0.834863397435483,0,10
0.0182716670703776,0.868340555520717,0,0,0,0.0457053870404542,0,0,0,0,0,0,0,0,0,0,0,0,0,0,0,0,0,0,0,0.646134882356649,0,0,0.752511407781432,0,10
0.0181264467584955,0.792956375266583,0,0,0,0.0698602652394147,0,0,0,0,0,0,0,0,0,0,0,0,0,0,0,0,0,0,0,0.718006184032099,0,0,0.675361384370638,0,10
0.0184409510216245,0.815037694719889,0,0,0,0.12835174472131,0,0,0,0,0,0,0,0,0,0,0,0,0,0,0,0,0,0,0,0.817353450431735,0,0,0.563030700334226,0,10
0.0176826166005542,0.894048761177304,0,0,0,0.18726904457143,0,0,0,0,0,0,0,0,0,0,0,0,0,0,0,0,0,0,0,0.878799311083488,0,0,0.356751335531952,0,10
0.0171432344976436,0.944289089344049,0,0,0,0.292635096819516,0,0,0,0,0,0,0,0,0,0,0,0,0,0,0,0,0,0,0,0.874645984589105,0,0,0.0782977039409148,0,10
0.016258611930447,1.05899641260214,0,0,0,0.26149647001124,0,0,0,0,0,0,0,0,0,0,0,0,0,0,0,0,0,0,0,0.997082292196954,0,0,0.00174986571719145,0,10
0.0165788084814382,1.139696497172,0,0,0,0.197228857854398,0,0,0,0,0,0,0,0,0,0,0,0,0,0,0,0,0,0,0,1.17300097965455,0,0,0.000254167788794516,0,10
0.0166006771004612,1.00310630817239,0,0,0,0.158698647511786,0,0,0,0,0,0,0,0,0,0,0,0,0,0,0,0,0,0,0,1.37994828652432,0,0,9.16530422732811e-05,0,10
0.0151821408405121,0.863530158230445,0,0,0,0.119230664311366,0,0,0,0,0,0,0,0,0,0,0,0,0,0,0,0,0,0,0,1.50057209270726,0,0,5.4504135458422e-05,0,10
0.0152102127053823,0.594909548207094,0,0,0,0.0774967420049027,0,0,0,0,0,0,0,0,0,0,0,0,0,0,0,0,0,0,0,1.78437584485776,0,0,4.60932103785229e-05,0,10
0.0155845355810504,0.160763857352976,0,0,0,0.0297434221136672,0,0,0,0,0,0,0,0,0,0,0,0,0,0,0,0,0,0,0,1.92619532674796,0,0,5.77016891841489e-05,0,10
0.0155452745836818,0.00814997622849169,0,0,0,0.00499824922121245,0,0,0,0,0,0,0,0,0,0,0,0,0,0,0,0,0,0,0,1.77813094683376,0,0,4.48432164934943e-05,0,10
0.0146895951808812,0.0010095345094952,0,0,0,0.000929433788044158,0,0,0,0,0,0,0,0,0,0,0,0,0,0,0,0,0,0,0,1.70483491375542,0,0,3.36719896981279e-05,0,10
0.0150005937879967,0.00035397312246389,0,0,0,0.000299749153468818,0,0,0,0,0,0,0,0,0,0,0,0,0,0,0,0,0,0,0,1.49117075994135,0,0,2.98969936854627e-05,0,10
0.0154130188494348,0.000197952396965517,0,0,0,0.000127283803819864,0,0,0,0,0,0,0,0,0,0,0,0,0,0,0,0,0,0,0,1.34352173172387,0,0,3.0944494418578e-05,0,10
0.0166698624749596,0.000158979646865025,0,0,0,7.127886394409e-05,0,0,0,0,0,0,0,0,0,0,0,0,0,0,0,0,0,0,0,1.15576607655997,0,0,3.64315893781423e-05,0,10
0.0173648254910255,0.0001418111559785,0,0,0,4.4015263092886e-05,0,0,0,0,0,0,0,0,0,0,0,0,0,0,0,0,0,0,0,1.06210356205132,0,0,4.03126702772231e-05,0,10
0.0176531212100537,0.000147146634505762,0,0,0,2.61961124125642e-05,0,0,0,0,0,0,0,0,0,0,0,0,0,0,0,0,0,0,0,0.989760515716211,0,0,4.71870431108915e-05,0,10
0.0170459400276277,0.000176999835784899,0,0,0,1.85087397913316e-05,0,0,0,0,0,0,0,0,0,0,0,0,0,0,0,0,0,0,0,0.837218770737555,0,0,6.02596244499658e-05,0,10
0.0165299065772054,0.000230108627773309,0,0,0,1.34915387818061e-05,0,0,0,0,0,0,0,0,0,0,0,0,0,0,0,0,0,0,0,0.751551230204106,0,0,8.08057225988969e-05,0,10
0.0164402962604471,0.000296324398250004,0,0,0,9.92196534009053e-06,0,0,0,0,0,0,0,0,0,0,0,0,0,0,0,0,0,0,0,0.683079888784395,0,0,0.000122675134549574,0,10
0.015739154621303,0.00037139717273035,0,0,0,7.53474410572384e-06,0,0,0,0,0,0,0,0,0,0,0,0,0,0,0,0,0,0,0,0.639356823621749,0,0,0.00019019345103289,0,10
0.0158836611336568,0.000501276909429056,0,0,0,5.82826127567074e-06,0,0,0,0,0,0,0,0,0,0,0,0,0,0,0,0,0,0,0,0.572166794285547,0,0,0.000260614017828959,0,10
0.0163472077288447,0.000795877627202599,0,0,0,4.61928137222743e-06,0,0,0,0,0,0,0,0,0,0,0,0,0,0,0,0,0,0,0,0.463899661871644,0,0,0.000420574500902388,0,10
0.0160132719081352,0.00113974867869788,0,0,0,4.05217850922253e-06,0,0,0,0,0,0,0,0,0,0,0,0,0,0,0,0,0,0,0,0.385678056585169,0,0,0.000726090127556038,0,10
0.0151829843028155,0.00174832566027991,0,0,0,3.39750371458631e-06,0,0,0,0,0,0,0,0,0,0,0,0,0,0,0,0,0,0,0,0.333747335095699,0,0,0.00125894616733811,0,10
0.014797573130752,0.00282860134827832,0,0,0,3.1794657482006e-06,0,0,0,0,0,0,0,0,0,0,0,0,0,0,0,0,0,0,0,0.30493067763751,0,0,0.00220108275890007,0,10
0.0145885557613248,0.00490062881048471,0,0,0,2.99590717484932e-06,0,0,0,0,0,0,0,0,0,0,0,0,0,0,0,0,0,0,0,0.268916656762368,0,0,0.00369414757102635,0,10
0.0135880326075588,0.00868137272775139,0,0,0,2.77192767608884e-06,0,0,0,0,0,0,0,0,0,0,0,0,0,0,0,0,0,0,0,0.2506893842094,0,0,0.00581073382473764,0,10
0.0132348926998645,0.0141983221442882,0,0,0,2.41477656776736e-06,0,0,0,0,0,0,0,0,0,0,0,0,0,0,0,0,0,0,0,0.220944355513608,0,0,0.0106585253503581,0,10
0.011947062775903,0.023989698013657,0,0,0,2.68460918055152e-06,0,0,0,0,0,0,0,0,0,0,0,0,0,0,0,0,0,0,0,0.204375485476012,0,0,0.0175201058800537,0,10
0.0116647602045482,0.048796382765276,0,0,0,3.04580810819475e-06,0,0,0,0,0,0,0,0,0,0,0,0,0,0,0,0,0,0,0,0.175627889393176,0,0,0.0318019223786189,0,10
0.0113673505275399,0.0951530636211276,0,0,0,3.11821566083432e-06,0,0,0,0,0,0,0,0,0,0,0,0,0,0,0,0,0,0,0,0.174401283717786,0,0,0.0579844700387781,0,10
0.0102378516082263,0.161440730036473,0,0,0,4.3730320798686e-06,0,0,0,0,0,0,0,0,0,0,0,0,0,0,0,0,0,0,0,0.180258302541452,0,0,0.101754160870887,0,10
0.0101037834387207,0.290938571552238,0,0,0,7.20939690386747e-06,0,0,0,0,0,0,0,0,0,0,0,0,0,0,0,0,0,0,0,0.182305763381538,0,0,0.205601116721879,0,10
0.00959096832272728,0.50769832122708,0,0,0,1.09981293237482e-05,0,0,0,0,0,0,0,0,0,0,0,0,0,0,0,0,0,0,0,0.200331145679468,0,0,0.335154484985978,0,10
0.00913487426536702,0.730818326531825,0,0,0,1.74718377431849e-05,0,0,0,0,0,0,0,0,0,0,0,0,0,0,0,0,0,0,0,0.200567672378296,0,0,0.492463702039692,0,10
0.00886152833524689,0.909868405831309,0,0,0,3.21191176980995e-05,0,0,0,0,0,0,0,0,0,0,0,0,0,0,0,0,0,0,0,0.251071358065298,0,0,0.603866703933227,0,10
0.0083870304378786,0.962713020669117,0,0,0,4.82635200405368e-05,0,0,0,0,0,0,0,0,0,0,0,0,0,0,0,0,0,0,0,0.270754942266243,0,0,0.750251467562764,0,10
0.00771770091892023,0.979643706543585,0,0,0,9.13957522964942e-05,0,0,0,0,0,0,0,0,0,0,0,0,0,0,0,0,0,0,0,0.315127135280537,0,0,0.713945682909344,0,10
0.00735351560301932,0.990553167380053,0,0,0,0.000171314142854509,0,0,0,0,0,0,0,0,0,0,0,0,0,0,0,0,0,0,0,0.379901531580508,0,0,0.786034053607156,0,10
0.0070886062954468,0.95839094442682,0,0,0,0.000324597918144549,0,0,0,0,0,0,0,0,0,0,0,0,0,0,0,0,0,0,0,0.438261959390054,0,0,0.790983938927441,0,10
0.00675261951066275,0.915268536627948,0,0,0,0.000521445774444418,0,0,0,0,0,0,0,0,0,0,0,0,0,0,0,0,0,0,0,0.530625158966389,0,0,0.771395264554103,0,10
0.00633027940395315,0.931427385425464,0,0,0,0.000848334029927135,0,0,0,0,0,0,0,0,0,0,0,0,0,0,0,0,0,0,0,0.580149408896774,0,0,0.787323301162394,0,10
0.00649702895134157,0.918750053304848,0,0,0,0.00160128001841381,0,0,0,0,0,0,0,0,0,0,0,0,0,0,0,0,0,0,0,0.606574662469954,0,0,0.715101144934374,0,10
0.00645781911793262,0.937717026300115,0,0,0,0.00288870688458721,0,0,0,0,0,0,0,0,0,0,0,0,0,0,0,0,0,0,0,0.577129946792122,0,0,0.697509547630846,0,10
0.00615384668534203,0.963095893950185,0,0,0,0.0057096604707011,0,0,0,0,0,0,0,0,0,0,0,0,0,0,0,0,0,0,0,0.651126346835103,0,0,0.705241076290763,0,10
0.00618186084420966,0.900226824645676,0,0,0,0.00896838390261068,0,0,0,0,0,0,0,0,0,0,0,0,0,0,0,0,0,0,0,0.826546235832639,0,0,0.643827821229593,0,10
0.00586315335368322,0.812100893645068,0,0,0,0.0124983834831314,0,0,0,0,0,0,0,0,0,0,0,0,0,0,0,0,0,0,0,0.946826652275007,0,0,0.567127547118496,0,10
0.00570344024161513,0.735556801158916,0,0,0,0.0234780674841362,0,0,0,0,0,0,0,0,0,0,0,0,0,0,0,0,0,0,0,1.05068684004508,0,0,0.524783845269738,0,10
0.00573999636323522,0.770976444286162,0,0,0,0.0423613739692106,0,0,0,0,0,0,0,0,0,0,0,0,0,0,0,0,0,0,0,1.15570936940048,0,0,0.468558123483878,0,10
0.00592181858221724,0.68379980071243,0,0,0,0.0593416466622602,0,0,0,0,0,0,0,0,0,0,0,0,0,0,0,0,0,0,0,1.24749266464305,0,0,0.368832212897289,0,10
0.00623440474939118,0.513153235055578,0,0,0,0.072329092591204,0,0,0,0,0,0,0,0,0,0,0,0,0,0,0,0,0,0,0,1.49147117929792,0,0,0.258640487227078,0,10
0.00588434190060225,0.410002785455158,0,0,0,0.0799827555716704,0,0,0,0,0,0,0,0,0,0,0,0,0,0,0,0,0,0,0,1.50546427035961,0,0,0.145105566395165,0,10
0.00590957758013179,0.203529917077211,0,0,0,0.0626078683311566,0,0,0,0,0,0,0,0,0,0,0,0,0,0,0,0,0,0,0,1.56992341451111,0,0,0.0422733434983772,0,10
0.00543787047469478,0.0314546621549735,0,0,0,0.0220098755438129,0,0,0,0,0,0,0,0,0,0,0,0,0,0,0,0,0,0,0,1.50711989136856,0,0,0.00686964418749502,0,10
0.00533670509453746,0.00310364081566294,0,0,0,0.00376057356453868,0,0,0,0,0,0,0,0,0,0,0,0,0,0,0,0,0,0,0,1.50966098646651,0,0,0.00125093140480644,0,10
0.00518357386188406,0.00108532493540139,0,0,0,0.00108051015552366,0,0,0,0,0,0,0,0,0,0,0,0,0,0,0,0,0,0,0,1.30061188508247,0,0,0.000558053037982223,0,10
0.00538409498365661,0.000610555133904459,0,0,0,0.00046137813163288,0,0,0,0,0,0,0,0,0,0,0,0,0,0,0,0,0,0,0,1.10948296532926,0,0,0.000377830667978854,0,10
0.00514476147696553,0.000463421437686559,0,0,0,0.000250218992553075,0,0,0,0,0,0,0,0,0,0,0,0,0,0,0,0,0,0,0,0.964999291372439,0,0,0.000314893429808061,0,10
0.0046556103364832,0.00042785385281203,0,0,0,0.000146153420628804,0,0,0,0,0,0,0,0,0,0,0,0,0,0,0,0,0,0,0,0.861917389608381,0,0,0.000316403128714742,0,10
0.00488901409938362,0.000462869554488451,0,0,0,0.000100374603879474,0,0,0,0,0,0,0,0,0,0,0,0,0,0,0,0,0,0,0,0.747232738271982,0,0,0.000368639997981636,0,10
0.0045422761791706,0.000508382321288332,0,0,0,6.28033024163571e-05,0,0,0,0,0,0,0,0,0,0,0,0,0,0,0,0,0,0,0,0.697531250493619,0,0,0.00042984916804557,0,10
0.00459201456450484,0.000570592964905311,0,0,0,4.14514480588427e-05,0,0,0,0,0,0,0,0,0,0,0,0,0,0,0,0,0,0,0,0.664197887701575,0,0,0.000474208842803844,0,10
0.00441679148974786,0.000844125288089876,0,0,0,3.22480881487107e-05,0,0,0,0,0,0,0,0,0,0,0,0,0,0,0,0,0,0,0,0.554973743164111,0,0,0.000668645326593908,0,10
0.00463847453940547,0.00110985094698614,0,0,0,2.65994187954702e-05,0,0,0,0,0,0,0,0,0,0,0,0,0,0,0,0,0,0,0,0.497226239520274,0,0,0.00102659746984517,0,10
0.00440411771406763,0.00160156231283857,0,0,0,2.20753802940421e-05,0,0,0,0,0,0,0,0,0,0,0,0,0,0,0,0,0,0,0,0.432381204908367,0,0,0.00148952712018933,0,10
0.00465346097666608,0.00235110785493505,0,0,0,1.82097465968223e-05,0,0,0,0,0,0,0,0,0,0,0,0,0,0,0,0,0,0,0,0.354597285759288,0,0,0.00211284172674874,0,10
0.00466632474421912,0.00372039880094771,0,0,0,1.58383301458414e-05,0,0,0,0,0,0,0,0,0,0,0,0,0,0,0,0,0,0,0,0.305824934093112,0,0,0.00338020706510133,0,10
0.00445618068616798,0.0061399750363905,0,0,0,1.42863631647903e-05,0,0,0,0,0,0,0,0,0,0,0,0,0,0,0,0,0,0,0,0.270169957646152,0,0,0.00535153416839091,0,10
0.00442805328308139,0.00848266514370212,0,0,0,1.24495346090011e-05,0,0,0,0,0,0,0,0,0,0,0,0,0,0,0,0,0,0,0,0.278329074088064,0,0,0.00804205172969992,0,10
0.00437488450100061,0.0127550918477253,0,0,0,1.17393383190964e-05,0,0,0,0,0,0,0,0,0,0,0,0,0,0,0,0,0,0,0,0.254740770180701,0,0,0.0121260037065218,0,10
0.00427140084112193,0.0208514986142774,0,0,0,1.06918181417326e-05,0,0,0,0,0,0,0,0,0,0,0,0,0,0,0,0,0,0,0,0.218071070681283,0,0,0.0211965215202101,0,10
0.00402224847776735,0.0323629634677815,0,0,0,1.0928355377616e-05,0,0,0,0,0,0,0,0,0,0,0,0,0,0,0,0,0,0,0,0.212386431137832,0,0,0.0361325210429958,0,10
0.00378294765553299,0.0590553928868417,0,0,0,1.37977581198341e-05,0,0,0,0,0,0,0,0,0,0,0,0,0,0,0,0,0,0,0,0.190790962504208,0,0,0.0658752245698265,0,10
0.00359297090394196,0.115460086146264,0,0,0,2.00633646966734e-05,0,0,0,0,0,0,0,0,0,0,0,0,0,0,0,0,0,0,0,0.19029903964238,0,0,0.110722712110104,0,10
0.00362025525540052,0.206203326566267,0,0,0,3.07538688259688e-05,0,0,0,0,0,0,0,0,0,0,0,0,0,0,0,0,0,0,0,0.194940928329761,0,0,0.195745564999817,0,10
0.00378824491699932,0.35977199473642,0,0,0,5.52459033172221e-05,0,0,0,0,0,0,0,0,0,0,0,0,0,0,0,0,0,0,0,0.198972893830016,0,0,0.360587024771376,0,10
0.00379532569387715,0.563626264180567,0,0,0,9.12828229504381e-05,0,0,0,0,0,0,0,0,0,0,0,0,0,0,0,0,0,0,0,0.200998602913582,0,0,0.579408210862481,0,10
0.00356350700204063,0.716013763999842,0,0,0,0.000180121300758091,0,0,0,0,0,0,0,0,0,0,0,0,0,0,0,0,0,0,0,0.230359955847635,0,0,0.741979278891949,0,10
0.00337985427413013,0.793633489496487,0,0,0,0.00035159711156255,0,0,0,0,0,0,0,0,0,0,0,0,0,0,0,0,0,0,0,0.268994453240215,0,0,0.811162903482371,0,10
0.00320503185768796,0.892324019197563,0,0,0,0.000658525227934584,0,0,0,0,0,0,0,0,0,0,0,0,0,0,0,0,0,0,0,0.286042955532686,0,0,0.833058931914945,0,10
0.00329349798930427,0.893814890583419,0,0,0,0.00112670431291103,0,0,0,0,0,0,0,0,0,0,0,0,0,0,0,0,0,0,0,0.314730106891362,0,0,0.889537767750713,0,10
0.00349430020869185,0.844341873286743,0,0,0,0.00202382983408605,0,0,0,0,0,0,0,0,0,0,0,0,0,0,0,0,0,0,0,0.35667934563186,0,0,0.969546429780082,0,10
0.00351278661892579,0.806685623900932,0,0,0,0.00350778295856763,0,0,0,0,0,0,0,0,0,0,0,0,0,0,0,0,0,0,0,0.417963133317901,0,0,0.961848090025274,0,10
0.00365349475456583,0.830817588357213,0,0,0,0.00590647558544004,0,0,0,0,0,0,0,0,0,0,0,0,0,0,0,0,0,0,0,0.41899154588475,0,0,0.900830878293977,0,10
0.00362880245647148,0.846624636767319,0,0,0,0.00985085003352303,0,0,0,0,0,0,0,0,0,0,0,0,0,0,0,0,0,0,0,0.440524482982988,0,0,0.849171210406345,0,10
0.00332215755451069,0.864974267326538,0,0,0,0.0169412239997152,0,0,0,0,0,0,0,0,0,0,0,0,0,0,0,0,0,0,0,0.519738604494175,0,0,0.880341253339423,0,10
0.00325640650221998,0.917696339757394,0,0,0,0.0240949722588158,0,0,0,0,0,0,0,0,0,0,0,0,0,0,0,0,0,0,0,0.499455206172134,0,0,0.85313164378855,0,10
0.00292606916793201,0.883081957109563,0,0,0,0.0409217340238015,0,0,0,0,0,0,0,0,0,0,0,0,0,0,0,0,0,0,0,0.536584781307386,0,0,0.790859215629359,0,10
0.00259748151341329,0.932236577471082,0,0,0,0.0661229587563274,0,0,0,0,0,0,0,0,0,0,0,0,0,0,0,0,0,0,0,0.574961986982113,0,0,0.748256907116504,0,10
0.00240892530265215,0.965571224900671,0,0,0,0.124024945748912,0,0,0,0,0,0,0,0,0,0,0,0,0,0,0,0,0,0,0,0.648378473408957,0,0,0.594304346675761,0,10
0.00237477054165828,0.922769402548793,0,0,0,0.174027267278968,0,0,0,0,0,0,0,0,0,0,0,0,0,0,0,0,0,0,0,0.735937019777135,0,0,0.452929483879947,0,10
0.0023986669496395,0.964739753784614,0,0,0,0.268314688657365,0,0,0,0,0,0,0,0,0,0,0,0,0,0,0,0,0,0,0,0.871400582115339,0,0,0.18247213754638,0,10
0.00242524259758301,1.00125457808979,0,0,0,0.29301908686083,0,0,0,0,0,0,0,0,0,0,0,0,0,0,0,0,0,0,0,1.0092574485337,0,0,0.00640644570721005,0,10
0.00246714683679541,1.10344558116223,0,0,0,0.235448472578502,0,0,0,0,0,0,0,0,0,0,0,0,0,0,0,0,0,0,0,1.08801786825758,0,0,0.000397856125896682,0,10
0.0024334355069256,1.11646706501163,0,0,0,0.187381035326015,0,0,0,0,0,0,0,0,0,0,0,0,0,0,0,0,0,0,0,1.21945586067198,0,0,0.000104730209287858,0,10
0.00249936098801116,0.998107534974116,0,0,0,0.1322132369669,0,0,0,0,0,0,0,0,0,0,0,0,0,0,0,0,0,0,0,1.40929589781184,0,0,5.7419214051046e-05,0,10
0.00235534453660993,0.730465481900625,0,0,0,0.0930802922167377,0,0,0,0,0,0,0,0,0,0,0,0,0,0,0,0,0,0,0,1.46886804975442,0,0,4.57142537835544e-05,0,10
0.00234035038997157,0.38348228756227,0,0,0,0.0580067265723448,0,0,0,0,0,0,0,0,0,0,0,0,0,0,0,0,0,0,0,1.6597587670461,0,0,5.00981424989858e-05,0,10
0.00227453357984488,0.0549125903062883,0,0,0,0.0171285744442418,0,0,0,0,0,0,0,0,0,0,0,0,0,0,0,0,0,0,0,1.73748220354862,0,0,5.3017174221158e-05,0,10
0.00218817408114542,0.00548815548177427,0,0,0,0.00374602438776085,0,0,0,0,0,0,0,0,0,0,0,0,0,0,0,0,0,0,0,1.50402179319417,0,0,5.30582019603282e-05,0,10
0.00217510351777057,0.00103698301937683,0,0,0,0.000925554085190314,0,0,0,0,0,0,0,0,0,0,0,0,0,0,0,0,0,0,0,1.49132856995566,0,0,4.60282573048549e-05,0,10
0.0021364363740591,0.000604234311091756,0,0,0,0.000400411651034193,0,0,0,0,0,0,0,0,0,0,0,0,0,0,0,0,0,0,0,1.20049349914251,0,0,4.8045701346631e-05,0,10
0.00204380059819457,0.000455594444320212,0,0,0,0.000211402720279381,0,0,0,0,0,0,0,0,0,0,0,0,0,0,0,0,0,0,0,1.02867467254643,0,0,6.02493940446382e-05,0,10
0.00190971109002683,0.000364441490535187,0,0,0,0.000118794591711664,0,0,0,0,0,0,0,0,0,0,0,0,0,0,0,0,0,0,0,0.959411046432636,0,0,7.14193877178877e-05,0,10
0.00198973416329354,0.000279267254115374,0,0,0,6.95804186204942e-05,0,0,0,0,0,0,0,0,0,0,0,0,0,0,0,0,0,0,0,0.92682748964566,0,0,8.50620953496986e-05,0,10
0.00200447673991478,0.000294624134722077,0,0,0,4.35412455081183e-05,0,0,0,0,0,0,0,0,0,0,0,0,0,0,0,0,0,0,0,0.816544576943663,0,0,0.000107212035920731,0,10
0.00212514174867891,0.00033845530221167,0,0,0,3.0550080093366e-05,0,0,0,0,0,0,0,0,0,0,0,0,0,0,0,0,0,0,0,0.692623049934735,0,0,0.000148475165094384,0,10
0.00202644094968904,0.000470944576736537,0,0,0,2.2360836264892e-05,0,0,0,0,0,0,0,0,0,0,0,0,0,0,0,0,0,0,0,0.587135753977334,0,0,0.000225697548958695,0,10
0.00190919979215155,0.000630194584233727,0,0,0,1.75510725058556e-05,0,0,0,0,0,0,0,0,0,0,0,0,0,0,0,0,0,0,0,0.550393031574202,0,0,0.000297457789640457,0,10
0.00172544394201501,0.000835662300482385,0,0,0,1.35032472251151e-05,0,0,0,0,0,0,0,0,0,0,0,0,0,0,0,0,0,0,0,0.490878291686036,0,0,0.000464291002970476,0,10
0.00170805835303302,0.00126635090175481,0,0,0,1.13998463181643e-05,0,0,0,0,0,0,0,0,0,0,0,0,0,0,0,0,0,0,0,0.401071868178509,0,0,0.000757785486640423,0,10
0.00181858003537327,0.00187909239708734,0,0,0,8.9928100246466e-06,0,0,0,0,0,0,0,0,0,0,0,0,0,0,0,0,0,0,0,0.373832897029653,0,0,0.00134769412746018,0,10
0.00179533580689884,0.00276700766226534,0,0,0,7.12768159953121e-06,0,0,0,0,0,0,0,0,0,0,0,0,0,0,0,0,0,0,0,0.352544748268754,0,0,0.00202089329249557,0,10
0.00182734922984347,0.00446421534726579,0,0,0,6.4940110612894e-06,0,0,0,0,0,0,0,0,0,0,0,0,0,0,0,0,0,0,0,0.303205721748656,0,0,0.00318253178214718,0,10
0.00180102468759917,0.00647175979258509,0,0,0,5.69760864406148e-06,0,0,0,0,0,0,0,0,0,0,0,0,0,0,0,0,0,0,0,0.292081758625123,0,0,0.00526663124231747,0,10
0.00186455640454382,0.00884777049658962,0,0,0,4.78729389712263e-06,0,0,0,0,0,0,0,0,0,0,0,0,0,0,0,0,0,0,0,0.289333980129597,0,0,0.00697276323082216,0,10
0.00183826685057315,0.0141053949619598,0,0,0,4.49449025746957e-06,0,0,0,0,0,0,0,0,0,0,0,0,0,0,0,0,0,0,0,0.242665757541084,0,0,0.0113105696457548,0,10
0.00176453015089861,0.0219175919170132,0,0,0,4.2440862538668e-06,0,0,0,0,0,0,0,0,0,0,0,0,0,0,0,0,0,0,0,0.219019349365023,0,0,0.018312170484648,0,10
0.00179576671658814,0.0339333126808172,0,0,0,4.24235566355228e-06,0,0,0,0,0,0,0,0,0,0,0,0,0,0,0,0,0,0,0,0.20368613940536,0,0,0.0313458963439988,0,10
0.00179174405292998,0.059134379908769,0,0,0,5.51038486923038e-06,0,0,0,0,0,0,0,0,0,0,0,0,0,0,0,0,0,0,0,0.213030379405178,0,0,0.0537131139677523,0,10
0.00175328770736876,0.0986255966620096,0,0,0,7.12819403640009e-06,0,0,0,0,0,0,0,0,0,0,0,0,0,0,0,0,0,0,0,0.226917496076364,0,0,0.0875986131551742,0,10
0.00173661201888333,0.175335927925292,0,0,0,9.90702156170758e-06,0,0,0,0,0,0,0,0,0,0,0,0,0,0,0,0,0,0,0,0.231464742363903,0,0,0.155051895583211,0,10
0.00169733758088628,0.309974584250137,0,0,0,1.64639195213867e-05,0,0,0,0,0,0,0,0,0,0,0,0,0,0,0,0,0,0,0,0.216786708869418,0,0,0.294703443038094,0,10
0.00172394682706882,0.504016973571789,0,0,0,2.75901638983537e-05,0,0,0,0,0,0,0,0,0,0,0,0,0,0,0,0,0,0,0,0.219509204046957,0,0,0.478704090763726,0,10
0.00157503962561595,0.605197904431877,0,0,0,4.5211441448881e-05,0,0,0,0,0,0,0,0,0,0,0,0,0,0,0,0,0,0,0,0.262299699230367,0,0,0.68648908608791,0,10
0.00167845783825976,0.722870109626552,0,0,0,8.17069964641775e-05,0,0,0,0,0,0,0,0,0,0,0,0,0,0,0,0,0,0,0,0.289841393867757,0,0,0.838427996279685,0,10
0.00153960253868311,0.770330590004909,0,0,0,0.000175191818228113,0,0,0,0,0,0,0,0,0,0,0,0,0,0,0,0,0,0,0,0.307420508951086,0,0,1.0066050898813,0,10
0.00163782720171478,0.748968597510174,0,0,0,0.000278059224351638,0,0,0,0,0,0,0,0,0,0,0,0,0,0,0,0,0,0,0,0.37692621981367,0,0,1.03675002999452,0,10
0.00166465969248994,0.766117269290802,0,0,0,0.000517041924035012,0,0,0,0,0,0,0,0,0,0,0,0,0,0,0,0,0,0,0,0.432131520838812,0,0,0.973564510114811,0,10
0.00169315335260893,0.74690746259457,0,0,0,0.000800812256504913,0,0,0,0,0,0,0,0,0,0,0,0,0,0,0,0,0,0,0,0.471616447562242,0,0,0.989573703549371,0,10
0.00158434609385407,0.705517899081219,0,0,0,0.00156232283681368,0,0,0,0,0,0,0,0,0,0,0,0,0,0,0,0,0,0,0,0.477831263593883,0,0,0.979280653563343,0,10
0.00150340434771976,0.776219751763183,0,0,0,0.00308262620902597,0,0,0,0,0,0,0,0,0,0,0,0,0,0,0,0,0,0,0,0.543932960078788,0,0,0.916921287020432,0,10
0.00137784640524682,0.721875438657628,0,0,0,0.00560523437842814,0,0,0,0,0,0,0,0,0,0,0,0,0,0,0,0,0,0,0,0.62430006166441,0,0,0.972931486691097,0,10
0.00130250546757419,0.72584163088691,0,0,0,0.00802590466182248,0,0,0,0,0,0,0,0,0,0,0,0,0,0,0,0,0,0,0,0.737644552174906,0,0,0.946923461153201,0,10
0.00125746313313528,0.728409225516929,0,0,0,0.0134258312290248,0,0,0,0,0,0,0,0,0,0,0,0,0,0,0,0,0,0,0,0.747605009163933,0,0,0.924641955900845,0,10
0.00112551788918798,0.646150022192145,0,0,0,0.0230691387975762,0,0,0,0,0,0,0,0,0,0,0,0,0,0,0,0,0,0,0,0.868705216283225,0,0,0.8567296380968,0,10
0.00115757831364793,0.67351394785021,0,0,0,0.038758738157292,0,0,0,0,0,0,0,0,0,0,0,0,0,0,0,0,0,0,0,1.02557535499751,0,0,0.756917584653083,0,10
0.00110280634227454,0.626808289118848,0,0,0,0.0579201964342787,0,0,0,0,0,0,0,0,0,0,0,0,0,0,0,0,0,0,0,1.1607966803008,0,0,0.577749175321812,0,10
0.00107574320739579,0.514135569939084,0,0,0,0.0894718163026691,0,0,0,0,0,0,0,0,0,0,0,0,0,0,0,0,0,0,0,1.48565315796751,0,0,0.386854697394975,0,10
0.00104249202761123,0.318394407802333,0,0,0,0.0934303756765196,0,0,0,0,0,0,0,0,0,0,0,0,0,0,0,0,0,0,0,1.77297362086036,0,0,0.181498795306893,0,10
0.00108364156790361,0.0964473561960116,0,0,0,0.0517240861673748,0,0,0,0,0,0,0,0,0,0,0,0,0,0,0,0,0,0,0,1.77120187877353,0,0,0.0360465820011769,0,10
0.00105805157873574,0.00991280249448311,0,0,0,0.0106872937425048,0,0,0,0,0,0,0,0,0,0,0,0,0,0,0,0,0,0,0,1.58214766035382,0,0,0.00415587906047759,0,10
0.00117386591431036,0.00189179092452703,0,0,0,0.00249568296031164,0,0,0,0,0,0,0,0,0,0,0,0,0,0,0,0,0,0,0,1.38421197603756,0,0,0.00110920730123135,0,10
0.00106005942355434,0.000767087462076628,0,0,0,0.000830361182876417,0,0,0,0,0,0,0,0,0,0,0,0,0,0,0,0,0,0,0,1.23506285348269,0,0,0.000542243286008218,0,10
0.00102594407670023,0.000442545060198616,0,0,0,0.000341875559333736,0,0,0,0,0,0,0,0,0,0,0,0,0,0,0,0,0,0,0,1.1310319058734,0,0,0.000340093884374024,0,10
0.00105910014352912,0.000331318662523392,0,0,0,0.000172316288768182,0,0,0,0,0,0,0,0,0,0,0,0,0,0,0,0,0,0,0,1.0593147759016,0,0,0.000255648550124379,0,10
0.00112331761174915,0.000305034989661977,0,0,0,9.77151820893505e-05,0,0,0,0,0,0,0,0,0,0,0,0,0,0,0,0,0,0,0,0.979817994882543,0,0,0.000226992473964878,0,10
0.0012513288535916,0.000331553538160365,0,0,0,6.19512434402041e-05,0,0,0,0,0,0,0,0,0,0,0,0,0,0,0,0,0,0,0,0.80353340548042,0,0,0.000262639472335835,0,10
0.00127915530159488,0.000408010075065479,0,0,0,4.49300401559285e-05,0,0,0,0,0,0,0,0,0,0,0,0,0,0,0,0,0,0,0,0.707151423687157,0,0,0.000302207506424403,0,10
0.00120590420471985,0.000468652421501508,0,0,0,3.11076816642106e-05,0,0,0,0,0,0,0,0,0,0,0,0,0,0,0,0,0,0,0,0.675919564472479,0,0,0.000377295181689542,0,10
0.00122681226797586,0.000519677801187834,0,0,0,2.19460151546825e-05,0,0,0,0,0,0,0,0,0,0,0,0,0,0,0,0,0,0,0,0.654416217447837,0,0,0.000412620087916399,0,10
0.00121813499794374,0.000694073688102399,0,0,0,1.82633858163681e-05,0,0,0,0,0,0,0,0,0,0,0,0,0,0,0,0,0,0,0,0.526011746150319,0,0,0.000558911404217252,0,10
0.00113759343125848,0.00102566501320499,0,0,0,1.42913309940606e-05,0,0,0,0,0,0,0,0,0,0,0,0,0,0,0,0,0,0,0,0.460241873065988,0,0,0.000769493687181015,0,10
0.00108625675142197,0.00145852188613888,0,0,0,1.13769011328573e-05,0,0,0,0,0,0,0,0,0,0,0,0,0,0,0,0,0,0,0,0.400459521184769,0,0,0.00123702558611644,0,10
0.00103265823259159,0.00221519761646658,0,0,0,9.84607020579182e-06,0,0,0,0,0,0,0,0,0,0,0,0,0,0,0,0,0,0,0,0.346068458990163,0,0,0.00188518290867964,0,10
0.00102619275615873,0.00292769124014328,0,0,0,8.77791313138441e-06,0,0,0,0,0,0,0,0,0,0,0,0,0,0,0,0,0,0,0,0.337378916809852,0,0,0.00291186418636099,0,10
0.00105534914998549,0.00416827487166872,0,0,0,7.25793774194715e-06,0,0,0,0,0,0,0,0,0,0,0,0,0,0,0,0,0,0,0,0.317737559714151,0,0,0.00420086484248998,0,10
0.000974698701821418,0.00657911958547302,0,0,0,6.45163998642659e-06,0,0,0,0,0,0,0,0,0,0,0,0,0,0,0,0,0,0,0,0.291114055504067,0,0,0.00653601536340883,0,10
0.0010490275869677,0.0101363261678269,0,0,0,5.59727040709411e-06,0,0,0,0,0,0,0,0,0,0,0,0,0,0,0,0,0,0,0,0.257750080474334,0,0,0.00973950528305494,0,10
0.000987820825346069,0.0163537708461058,0,0,0,5.18259515537041e-06,0,0,0,0,0,0,0,0,0,0,0,0,0,0,0,0,0,0,0,0.221889855594933,0,0,0.0162652738847203,0,10
0.000861650885593857,0.029179572470332,0,0,0,5.29762940107455e-06,0,0,0,0,0,0,0,0,0,0,0,0,0,0,0,0,0,0,0,0.205773129448302,0,0,0.0280857515791689,0,10
0.000781087173298672,0.0536437102974243,0,0,0,6.56261330064511e-06,0,0,0,0,0,0,0,0,0,0,0,0,0,0,0,0,0,0,0,0.193638474203439,0,0,0.0567959346922541,0,10
0.000744625702329699,0.097465680438773,0,0,0,8.54414659912742e-06,0,0,0,0,0,0,0,0,0,0,0,0,0,0,0,0,0,0,0,0.187869871080514,0,0,0.0942163723911233,0,10
0.000676009495883634,0.176301570687673,0,0,0,1.28954511111454e-05,0,0,0,0,0,0,0,0,0,0,0,0,0,0,0,0,0,0,0,0.201199899853132,0,0,0.172156977429263,0,10
0.000656736629932208,0.294903872259363,0,0,0,2.20614138456013e-05,0,0,0,0,0,0,0,0,0,0,0,0,0,0,0,0,0,0,0,0.232698964212877,0,0,0.30608659125432,0,10
0.000656948829816381,0.459312144773353,0,0,0,3.50584806622815e-05,0,0,0,0,0,0,0,0,0,0,0,0,0,0,0,0,0,0,0,0.279870628153836,0,0,0.451926116593333,0,10
0.000615642349501791,0.606766897916639,0,0,0,6.16642714702016e-05,0,0,0,0,0,0,0,0,0,0,0,0,0,0,0,0,0,0,0,0.304394782250927,0,0,0.624383531105628,0,10
0.000616775438251624,0.720521073584307,0,0,0,0.000100865826008764,0,0,0,0,0,0,0,0,0,0,0,0,0,0,0,0,0,0,0,0.348368526752072,0,0,0.740958004252676,0,10
0.000556718566753713,0.839951779563558,0,0,0,0.000175787395605424,0,0,0,0,0,0,0,0,0,0,0,0,0,0,0,0,0,0,0,0.407684853882958,0,0,0.781496779626398,0,10
0.000554565240542283,0.890562006933266,0,0,0,0.000308201604395214,0,0,0,0,0,0,0,0,0,0,0,0,0,0,0,0,0,0,0,0.449426856330524,0,0,0.73474620068144,0,10
0.000523151827208798,0.955915333682605,0,0,0,0.000565844466721946,0,0,0,0,0,0,0,0,0,0,0,0,0,0,0,0,0,0,0,0.476313359147356,0,0,0.805070962779562,0,10
0.000528433232345643,0.970732858889992,0,0,0,0.00118217759492606,0,0,0,0,0,0,0,0,0,0,0,0,0,0,0,0,0,0,0,0.544693773321708,0,0,0.750326015059803,0,10
0.000493749237149617,0.9469236971722,0,0,0,0.00200981718097446,0,0,0,0,0,0,0,0,0,0,0,0,0,0,0,0,0,0,0,0.592350299860155,0,0,0.755048026117797,0,10
0.000484782361775436,0.926873177496777,0,0,0,0.00341211867691604,0,0,0,0,0,0,0,0,0,0,0,0,0,0,0,0,0,0,0,0.618529165966066,0,0,0.682629938336908,0,10
0.000454327001499973,0.979853902814577,0,0,0,0.0056769512245484,0,0,0,0,0,0,0,0,0,0,0,0,0,0,0,0,0,0,0,0.621036337860257,0,0,0.673700809263009,0,10
0.00047647089023448,0.998961399936078,0,0,0,0.00979956856999774,0,0,0,0,0,0,0,0,0,0,0,0,0,0,0,0,0,0,0,0.69139770390223,0,0,0.623550912698857,0,10
0.000460541644969842,1.00337400621024,0,0,0,0.0155281623532786,0,0,0,0,0,0,0,0,0,0,0,0,0,0,0,0,0,0,0,0.764230774053525,0,0,0.617118146456956,0,10
0.000454499875635078,0.925287653415798,0,0,0,0.0236510428785725,0,0,0,0,0,0,0,0,0,0,0,0,0,0,0,0,0,0,0,0.863370845737745,0,0,0.568694441192198,0,10
0.000429300981105192,0.907312944413647,0,0,0,0.0422351567249917,0,0,0,0,0,0,0,0,0,0,0,0,0,0,0,0,0,0,0,0.864616121354494,0,0,0.528402840029975,0,10
0.000424975544815996,0.766820607345288,0,0,0,0.0661782275638476,0,0,0,0,0,0,0,0,0,0,0,0,0,0,0,0,0,0,0,1.059489232363,0,0,0.419797350431687,0,10
0.000420482380052708,0.693618273188904,0,0,0,0.0987421895698131,0,0,0,0,0,0,0,0,0,0,0,0,0,0,0,0,0,0,0,1.20850568235306,0,0,0.310322597813621,0,10
0.000425641925183264,0.598350162845758,0,0,0,0.125989988773719,0,0,0,0,0,0,0,0,0,0,0,0,0,0,0,0,0,0,0,1.3318546823031,0,0,0.19434651262845,0,10
0.000386823660275579,0.440698166212764,0,0,0,0.144494087204013,0,0,0,0,0,0,0,0,0,0,0,0,0,0,0,0,0,0,0,1.41641833963778,0,0,0.0471658953499715,0,10
0.000366421655337992,0.241018167795162,0,0,0,0.0758191840143737,0,0,0,0,0,0,0,0,0,0,0,0,0,0,0,0,0,0,0,1.53090747257317,0,0,0.0093146074397005,0,10
0.000376466972839667,0.0308444994857924,0,0,0,0.0182002940782946,0,0,0,0,0,0,0,0,0,0,0,0,0,0,0,0,0,0,0,1.58584952175901,0,0,0.00251607434296313,0,10
0.000344625510388237,0.00432533043863859,0,0,0,0.00408947510673715,0,0,0,0,0,0,0,0,0,0,0,0,0,0,0,0,0,0,0,1.37965975542642,0,0,0.000860516997596952,0,10
0.000339765296728081,0.00137289437607556,0,0,0,0.00132137293435267,0,0,0,0,0,0,0,0,0,0,0,0,0,0,0,0,0,0,0,1.19443531924445,0,0,0.000480649262701332,0,10
0.000330425553416739,0.00089666842742879,0,0,0,0.000642296997818738,0,0,0,0,0,0,0,0,0,0,0,0,0,0,0,0,0,0,0,0.966751275874548,0,0,0.000428291076698025,0,10
0.000338948564845747,0.000690960432254834,0,0,0,0.000322106026101398,0,0,0,0,0,0,0,0,0,0,0,0,0,0,0,0,0,0,0,0.880435448396021,0,0,0.000399535938599131,0,10
0.000309139395717965,0.000771233664648251,0,0,0,0.000205631687571009,0,0,0,0,0,0,0,0,0,0,0,0,0,0,0,0,0,0,0,0.714215319448262,0,0,0.000450662658242263,0,10
0.000293205738028236,0.0009802459419576,0,0,0,0.000146235039577746,0,0,0,0,0,0,0,0,0,0,0,0,0,0,0,0,0,0,0,0.560235651696022,0,0,0.000648703487505983,0,10
0.000301332941474819,0.00117580332014475,0,0,0,0.000113280604298044,0,0,0,0,0,0,0,0,0,0,0,0,0,0,0,0,0,0,0,0.512677323972203,0,0,0.000925731796523292,0,10
0.000290153473516083,0.00148216895251227,0,0,0,7.65477382702939e-05,0,0,0,0,0,0,0,0,0,0,0,0,0,0,0,0,0,0,0,0.490239034856147,0,0,0.00119745732177159,0,10
0.000286199533851758,0.00214667534458439,0,0,0,5.80517735617178e-05,0,0,0,0,0,0,0,0,0,0,0,0,0,0,0,0,0,0,0,0.419298437960929,0,0,0.00168184238454176,0,10
0.0002984843250721,0.00301507467478282,0,0,0,4.99760994406903e-05,0,0,0,0,0,0,0,0,0,0,0,0,0,0,0,0,0,0,0,0.367143567753567,0,0,0.00251856770635407,0,10
0.000309603671386527,0.00437635214501945,0,0,0,3.61107420141482e-05,0,0,0,0,0,0,0,0,0,0,0,0,0,0,0,0,0,0,0,0.317513687512894,0,0,0.003700219275366,0,10
0.000333423879612383,0.00661600782574969,0,0,0,3.04231425861353e-05,0,0,0,0,0,0,0,0,0,0,0,0,0,0,0,0,0,0,0,0.303389544679247,0,0,0.00523628923596917,0,10
0.000321446522353932,0.010258148845359,0,0,0,2.69621289107752e-05,0,0,0,0,0,0,0,0,0,0,0,0,0,0,0,0,0,0,0,0.256575458439519,0,0,0.008868316342742,0,10
0.000299659406724936,0.0160112112930764,0,0,0,2.43142299302889e-05,0,0,0,0,0,0,0,0,0,0,0,0,0,0,0,0,0,0,0,0.224515709277345,0,0,0.0137773083972702,0,10
0.000271120227793746,0.025495820041152,0,0,0,2.44669517369491e-05,0,0,0,0,0,0,0,0,0,0,0,0,0,0,0,0,0,0,0,0.196669667585928,0,0,0.0238148165435344,0,10
0.000268814754637105,0.0484913050496604,0,0,0,2.7409101723212e-05,0,0,0,0,0,0,0,0,0,0,0,0,0,0,0,0,0,0,0,0.177608504821167,0,0,0.0417543202323538,0,10
0.00023792797962134,0.0879135795003383,0,0,0,3.2763244011161e-05,0,0,0,0,0,0,0,0,0,0,0,0,0,0,0,0,0,0,0,0.180527739598551,0,0,0.081227908437089,0,10
0.00023605940882177,0.158145052811844,0,0,0,4.60805631031999e-05,0,0,0,0,0,0,0,0,0,0,0,0,0,0,0,0,0,0,0,0.171969561741765,0,0,0.152939457694122,0,10
0.000225844843756065,0.31781226612795,0,0,0,7.07694491514052e-05,0,0,0,0,0,0,0,0,0,0,0,0,0,0,0,0,0,0,0,0.179925559310455,0,0,0.285704607810675,0,10
0.000236596985266447,0.516162484277032,0,0,0,0.00011307901095996,0,0,0,0,0,0,0,0,0,0,0,0,0,0,0,0,0,0,0,0.207801983336351,0,0,0.49488672215388,0,10
0.000234986126788749,0.722441400363113,0,0,0,0.000186547276403307,0,0,0,0,0,0,0,0,0,0,0,0,0,0,0,0,0,0,0,0.236691042131188,0,0,0.621294543514267,0,10
0.000222943042547912,0.83863257751169,0,0,0,0.00032305265491995,0,0,0,0,0,0,0,0,0,0,0,0,0,0,0,0,0,0,0,0.29109655684379,0,0,0.766317270879862,0,10
0.000228969279992529,0.858284064972589,0,0,0,0.000576693130640895,0,0,0,0,0,0,0,0,0,0,0,0,0,0,0,0,0,0,0,0.356110942421199,0,0,0.812333361465978,0,10
0.000223297950876956,0.903619941443009,0,0,0,0.00107576056007479,0,0,0,0,0,0,0,0,0,0,0,0,0,0,0,0,0,0,0,0.386906242160996,0,0,0.801026624802679,0,10
0.000221714757027239,0.891655735129797,0,0,0,0.00169698361718517,0,0,0,0,0,0,0,0,0,0,0,0,0,0,0,0,0,0,0,0.455347210525713,0,0,0.861413302710855,0,10
0.000214646177988976,0.832011243468842,0,0,0,0.00355346692578203,0,0,0,0,0,0,0,0,0,0,0,0,0,0,0,0,0,0,0,0.484567054028359,0,0,0.8567353119517,0,10
0.000219218731096515,0.843418407367209,0,0,0,0.00593030160281274,0,0,0,0,0,0,0,0,0,0,0,0,0,0,0,0,0,0,0,0.546485061907709,0,0,0.825770856672906,0,10
0.000206396345684151,0.812974073800254,0,0,0,0.00970474685865258,0,0,0,0,0,0,0,0,0,0,0,0,0,0,0,0,0,0,0,0.627870235792308,0,0,0.851603023082692,0,10
0.000204926160858112,0.796491678763072,0,0,0,0.0155650764401157,0,0,0,0,0,0,0,0,0,0,0,0,0,0,0,0,0,0,0,0.659814962715261,0,0,0.801465844196694,0,10
0.000210525449309361,0.770352290791497,0,0,0,0.0269406819159994,0,0,0,0,0,0,0,0,0,0,0,0,0,0,0,0,0,0,0,0.754201908877268,0,0,0.71858008988898,0,10
0.000223077200000427,0.750922037272573,0,0,0,0.0457704573404261,0,0,0,0,0,0,0,0,0,0,0,0,0,0,0,0,0,0,0,0.975698133413863,0,0,0.650807463577089,0,10
0.000226302160418927,0.737712821691472,0,0,0,0.0642978696638229,0,0,0,0,0,0,0,0,0,0,0,0,0,0,0,0,0,0,0,1.05246587456272,0,0,0.552994251509902,0,10
0.000209049284859256,0.702769625657872,0,0,0,0.109706399503306,0,0,0,0,0,0,0,0,0,0,0,0,0,0,0,0,0,0,0,1.13276319060139,0,0,0.398874576144288,0,10
0.000204387554285875,0.674230298621441,0,0,0,0.142314456420402,0,0,0,0,0,0,0,0,0,0,0,0,0,0,0,0,0,0,0,1.22580865541698,0,0,0.243637748918758,0,10
0.000190534961693164,0.696959044768866,0,0,0,0.183065414595903,0,0,0,0,0,0,0,0,0,0,0,0,0,0,0,0,0,0,0,1.21319516475079,0,0,0.0718475924778638,0,10
0.00019469567677615,0.613154040408685,0,0,0,0.149875762879186,0,0,0,0,0,0,0,0,0,0,0,0,0,0,0,0,0,0,0,1.3099130844688,0,0,0.00707566736530378,0,10
0.000196620874684865,0.462037554382796,0,0,0,0.105940070205395,0,0,0,0,0,0,0,0,0,0,0,0,0,0,0,0,0,0,0,1.40343168890442,0,0,0.00148409023874808,0,10
0.000187802352873093,0.22628250259165,0,0,0,0.0540218531397436,0,0,0,0,0,0,0,0,0,0,0,0,0,0,0,0,0,0,0,1.53653102189231,0,0,0.000794729437520709,0,10
0.000187732492446061,0.0277000212874848,0,0,0,0.0135501986601789,0,0,0,0,0,0,0,0,0,0,0,0,0,0,0,0,0,0,0,1.51144748335866,0,0,0.000471313674951373,0,10
0.000189690335742099,0.00420085090642742,0,0,0,0.00318388582891519,0,0,0,0,0,0,0,0,0,0,0,0,0,0,0,0,0,0,0,1.33260231138485,0,0,0.000289431495732266,0,10
0.000185383913815003,0.0018419501262291,0,0,0,0.00124077696017529,0,0,0,0,0,0,0,0,0,0,0,0,0,0,0,0,0,0,0,1.07827388773094,0,0,0.000243656527216242,0,10
0.000203832006205226,0.00109223411311566,0,0,0,0.000491930640370641,0,0,0,0,0,0,0,0,0,0,0,0,0,0,0,0,0,0,0,0.978576237376222,0,0,0.000222908682946314,0,10
0.000200284136772225,0.000896354478765485,0,0,0,0.000246702039750472,0,0,0,0,0,0,0,0,0,0,0,0,0,0,0,0,0,0,0,0.848680247383183,0,0,0.000254064175128649,0,10
0.000177499864864489,0.00086836266691036,0,0,0,0.000160246560123971,0,0,0,0,0,0,0,0,0,0,0,0,0,0,0,0,0,0,0,0.722432704349136,0,0,0.000296508304805469,0,10
0.000188346378467804,0.000959907582728918,0,0,0,0.000110242750360927,0,0,0,0,0,0,0,0,0,0,0,0,0,0,0,0,0,0,0,0.620861246298698,0,0,0.000354238446957823,0,10
0.000172532966009185,0.00114555362976153,0,0,0,7.48942564850338e-05,0,0,0,0,0,0,0,0,0,0,0,0,0,0,0,0,0,0,0,0.549791041688772,0,0,0.000469981825855334,0,10
0.000169449685378803,0.00137605545808642,0,0,0,5.64864183632777e-05,0,0,0,0,0,0,0,0,0,0,0,0,0,0,0,0,0,0,0,0.492687480903769,0,0,0.000659272318764985,0,10
0.00017956882445697,0.00191738147332614,0,0,0,4.14702652036293e-05,0,0,0,0,0,0,0,0,0,0,0,0,0,0,0,0,0,0,0,0.419540330012417,0,0,0.000968515076904429,0,10
0.000177332773184636,0.00270467374679514,0,0,0,3.3824231723734e-05,0,0,0,0,0,0,0,0,0,0,0,0,0,0,0,0,0,0,0,0.375765108697149,0,0,0.00142963194696136,0,10
0.000172938310792709,0.00389766004788317,0,0,0,3.03194521411379e-05,0,0,0,0,0,0,0,0,0,0,0,0,0,0,0,0,0,0,0,0.347372809720321,0,0,0.00212273570360836,0,10
0.000179510126078452,0.00562780886645407,0,0,0,2.7021433618752e-05,0,0,0,0,0,0,0,0,0,0,0,0,0,0,0,0,0,0,0,0.305683209800338,0,0,0.00314239999474694,0,10
0.000162867184787898,0.00866223290327188,0,0,0,2.27525045547076e-05,0,0,0,0,0,0,0,0,0,0,0,0,0,0,0,0,0,0,0,0.273661792298077,0,0,0.00469523483976374,0,10
0.000160350088047315,0.0123082079887908,0,0,0,1.88715128821375e-05,0,0,0,0,0,0,0,0,0,0,0,0,0,0,0,0,0,0,0,0.24780122970294,0,0,0.00781500932689618,0,10
0.00016129194912249,0.0225891203770733,0,0,0,1.74721277068363e-05,0,0,0,0,0,0,0,0,0,0,0,0,0,0,0,0,0,0,0,0.21179158488607,0,0,0.0141144015215613,0,10
0.000171845967319264,0.0375018726387987,0,0,0,1.65823716939889e-05,0,0,0,0,0,0,0,0,0,0,0,0,0,0,0,0,0,0,0,0.211076239115754,0,0,0.026440551957428,0,10
0.000157983521159382,0.0594081781047351,0,0,0,1.84296925101691e-05,0,0,0,0,0,0,0,0,0,0,0,0,0,0,0,0,0,0,0,0.200188503652881,0,0,0.0473128845483132,0,10
0.000157093960389718,0.106558675925511,0,0,0,2.7073603172955e-05,0,0,0,0,0,0,0,0,0,0,0,0,0,0,0,0,0,0,0,0.208323586735452,0,0,0.0844151777201182,0,10
0.00014637838644889,0.177999407966883,0,0,0,3.84865207723296e-05,0,0,0,0,0,0,0,0,0,0,0,0,0,0,0,0,0,0,0,0.217107674577551,0,0,0.149369900380373,0,10
0.000136147549612439,0.281830474964706,0,0,0,5.35694472344554e-05,0,0,0,0,0,0,0,0,0,0,0,0,0,0,0,0,0,0,0,0.246258187104102,0,0,0.246004615914918,0,10
0.000127285817639375,0.469379332339607,0,0,0,0.000103627380236797,0,0,0,0,0,0,0,0,0,0,0,0,0,0,0,0,0,0,0,0.24163630725657,0,0,0.429822764097724,0,10
0.000132162307777453,0.629923254590517,0,0,0,0.000164174378168809,0,0,0,0,0,0,0,0,0,0,0,0,0,0,0,0,0,0,0,0.277978900768911,0,0,0.60829321637149,0,10
0.000127787023350897,0.795887278240185,0,0,0,0.000268126926760262,0,0,0,0,0,0,0,0,0,0,0,0,0,0,0,0,0,0,0,0.295446760637367,0,0,0.709064670224536,0,10
0.000133415523976562,0.843584859289925,0,0,0,0.000470606712273987,0,0,0,0,0,0,0,0,0,0,0,0,0,0,0,0,0,0,0,0.328463762182367,0,0,0.771886037543675,0,10
0.000139089384720678,0.893436548864845,0,0,0,0.000874313782309578,0,0,0,0,0,0,0,0,0,0,0,0,0,0,0,0,0,0,0,0.34828122104534,0,0,0.864746101720809,0,10
0.000139540545195835,0.937051175190708,0,0,0,0.00168373712852785,0,0,0,0,0,0,0,0,0,0,0,0,0,0,0,0,0,0,0,0.392498390408822,0,0,0.883116811309077,0,10
0.00014255605913108,0.897488381567256,0,0,0,0.0026829909678671,0,0,0,0,0,0,0,0,0,0,0,0,0,0,0,0,0,0,0,0.50753792021277,0,0,0.787251488895633,0,10
0.000136120709039428,0.826168740447318,0,0,0,0.00454863713736004,0,0,0,0,0,0,0,0,0,0,0,0,0,0,0,0,0,0,0,0.524560809402753,0,0,0.786404745298067,0,10
0.000129491589328318,0.947951091573691,0,0,0,0.00859988490737128,0,0,0,0,0,0,0,0,0,0,0,0,0,0,0,0,0,0,0,0.490363964536575,0,0,0.771215186486764,0,10
0.000133434758999158,0.992780306798496,0,0,0,0.0160044854754712,0,0,0,0,0,0,0,0,0,0,0,0,0,0,0,0,0,0,0,0.506456849541062,0,0,0.800167746411058,0,10
0.000142619730079447,0.983669380637523,0,0,0,0.0242841914795004,0,0,0,0,0,0,0,0,0,0,0,0,0,0,0,0,0,0,0,0.559366546119807,0,0,0.799311604390837,0,10
0.000134477951575876,0.903124317485134,0,0,0,0.0430182507446181,0,0,0,0,0,0,0,0,0,0,0,0,0,0,0,0,0,0,0,0.68736047722622,0,0,0.694837379672785,0,10
0.000139505260050127,0.836952182383429,0,0,0,0.0725314711758693,0,0,0,0,0,0,0,0,0,0,0,0,0,0,0,0,0,0,0,0.803745083804472,0,0,0.587129909188877,0,10
0.000134805398750218,0.777972238531866,0,0,0,0.112905590891247,0,0,0,0,0,0,0,0,0,0,0,0,0,0,0,0,0,0,0,0.94199173227793,0,0,0.412375116736146,0,10
0.00013665158052951,0.764509290260898,0,0,0,0.182551104524732,0,0,0,0,0,0,0,0,0,0,0,0,0,0,0,0,0,0,0,1.12257356505328,0,0,0.21685456330538,0,10
0.000137843876316348,0.745575790600188,0,0,0,0.21965943134881,0,0,0,0,0,0,0,0,0,0,0,0,0,0,0,0,0,0,0,1.29655376540761,0,0,0.0282046171267316,0,10
0.000145160801119112,0.604700635845976,0,0,0,0.150723331542829,0,0,0,0,0,0,0,0,0,0,0,0,0,0,0,0,0,0,0,1.51891276424243,0,0,0.00234908559838814,0,10
0.000140343135146085,0.306855970245909,0,0,0,0.0853105363233632,0,0,0,0,0,0,0,0,0,0,0,0,0,0,0,0,0,0,0,1.68195094689459,0,0,0.000785028752627093,0,10
0.000133151079774848,0.0414920940957585,0,0,0,0.0230016763444165,0,0,0,0,0,0,0,0,0,0,0,0,0,0,0,0,0,0,0,1.71923398359446,0,0,0.000423202951301497,0,10
0.000125113499141288,0.00409900090352311,0,0,0,0.00433616496311418,0,0,0,0,0,0,0,0,0,0,0,0,0,0,0,0,0,0,0,1.51805930327561,0,0,0.00022963175174355,0,10
0.000122013230091229,0.0011458357661316,0,0,0,0.0011808661887012,0,0,0,0,0,0,0,0,0,0,0,0,0,0,0,0,0,0,0,1.31954991425976,0,0,0.000153127193670248,0,10
0.000119870611851924,0.000841382489726927,0,0,0,0.000547248275452453,0,0,0,0,0,0,0,0,0,0,0,0,0,0,0,0,0,0,0,0.969756705932397,0,0,0.000166272019444552,0,10
0.000110309501672371,0.000689739637493534,0,0,0,0.000275568065737692,0,0,0,0,0,0,0,0,0,0,0,0,0,0,0,0,0,0,0,0.848989989813177,0,0,0.000175782037136315,0,10
0.000107741132573654,0.000682835781077649,0,0,0,0.000173332418242249,0,0,0,0,0,0,0,0,0,0,0,0,0,0,0,0,0,0,0,0.76519476275448,0,0,0.000208584391339654,0,10
0.000106244282823496,0.000629971356281028,0,0,0,0.000103242974983483,0,0,0,0,0,0,0,0,0,0,0,0,0,0,0,0,0,0,0,0.731906966403252,0,0,0.000245990084099828,0,10
9.85620599885247e-05,0.000675705098170683,0,0,0,6.74202703815596e-05,0,0,0,0,0,0,0,0,0,0,0,0,0,0,0,0,0,0,0,0.68056311740514,0,0,0.000316783516556436,0,10
0.000101981762702362,0.000729254519074624,0,0,0,4.79849403366918e-05,0,0,0,0,0,0,0,0,0,0,0,0,0,0,0,0,0,0,0,0.623645783546264,0,0,0.000383807901979544,0,10
0.000102431389828359,0.000929884257646254,0,0,0,3.50928378135944e-05,0,0,0,0,0,0,0,0,0,0,0,0,0,0,0,0,0,0,0,0.557195987260184,0,0,0.000540541160369096,0,10
9.88544235396077e-05,0.0013090409503197,0,0,0,2.82080276274227e-05,0,0,0,0,0,0,0,0,0,0,0,0,0,0,0,0,0,0,0,0.481932336697085,0,0,0.000770577247362446,0,10
9.70244633272569e-05,0.00193558250368874,0,0,0,2.0698654870728e-05,0,0,0,0,0,0,0,0,0,0,0,0,0,0,0,0,0,0,0,0.410602537353806,0,0,0.00123574850176261,0,10
9.09451969446031e-05,0.00253320485160186,0,0,0,1.71432138617989e-05,0,0,0,0,0,0,0,0,0,0,0,0,0,0,0,0,0,0,0,0.408223973569189,0,0,0.00171047452304233,0,10
9.35724826630778e-05,0.00415665725151013,0,0,0,1.43740352532023e-05,0,0,0,0,0,0,0,0,0,0,0,0,0,0,0,0,0,0,0,0.331560531553994,0,0,0.00286547297270535,0,10
8.95927663756431e-05,0.00565518008690963,0,0,0,1.19210846496818e-05,0,0,0,0,0,0,0,0,0,0,0,0,0,0,0,0,0,0,0,0.323907090195433,0,0,0.00417040020188104,0,10
9.26545865494051e-05,0.00927030882051399,0,0,0,1.00122378170912e-05,0,0,0,0,0,0,0,0,0,0,0,0,0,0,0,0,0,0,0,0.278422497875058,0,0,0.00694336750356004,0,10
9.62849333352561e-05,0.0136658306429228,0,0,0,8.6593760196012e-06,0,0,0,0,0,0,0,0,0,0,0,0,0,0,0,0,0,0,0,0.245215181773472,0,0,0.01110279893441,0,10
9.60913578646096e-05,0.0231512835617299,0,0,0,8.09871024326618e-06,0,0,0,0,0,0,0,0,0,0,0,0,0,0,0,0,0,0,0,0.224978154845143,0,0,0.0170377973824672,0,10
9.67910283177139e-05,0.0378229186448395,0,0,0,8.80461862900254e-06,0,0,0,0,0,0,0,0,0,0,0,0,0,0,0,0,0,0,0,0.218254010840848,0,0,0.0283403232299297,0,10
9.31465368377245e-05,0.0637994605103056,0,0,0,9.1968677229979e-06,0,0,0,0,0,0,0,0,0,0,0,0,0,0,0,0,0,0,0,0.213898676350577,0,0,0.0474121501524897,0,10
9.16739346877189e-05,0.10074710538322,0,0,0,1.06722269051444e-05,0,0,0,0,0,0,0,0,0,0,0,0,0,0,0,0,0,0,0,0.220038294969291,0,0,0.0887535427616934,0,10
8.1830510409234e-05,0.165585016090201,0,0,0,1.74416516105457e-05,0,0,0,0,0,0,0,0,0,0,0,0,0,0,0,0,0,0,0,0.219483011661192,0,0,0.138319746249698,0,10
8.44549410688063e-05,0.286229678613619,0,0,0,2.42191188441026e-05,0,0,0,0,0,0,0,0,0,0,0,0,0,0,0,0,0,0,0,0.219111908960649,0,0,0.243448584073066,0,10
8.67939309579363e-05,0.463946149016745,0,0,0,3.9060376615703e-05,0,0,0,0,0,0,0,0,0,0,0,0,0,0,0,0,0,0,0,0.231047304258454,0,0,0.351164047137953,0,10
8.80205472360519e-05,0.678783254815963,0,0,0,7.22269275275251e-05,0,0,0,0,0,0,0,0,0,0,0,0,0,0,0,0,0,0,0,0.271548383789906,0,0,0.532143981438421,0,10
9.20238463321712e-05,0.863594409398705,0,0,0,0.00012151622552702,0,0,0,0,0,0,0,0,0,0,0,0,0,0,0,0,0,0,0,0.300545442191559,0,0,0.646220818376469,0,10
9.45284907639606e-05,0.885836102155428,0,0,0,0.000207149727196034,0,0,0,0,0,0,0,0,0,0,0,0,0,0,0,0,0,0,0,0.333164637090519,0,0,0.81624748007301,0,10
9.09284116988125e-05,0.900653808111344,0,0,0,0.000438400252167378,0,0,0,0,0,0,0,0,0,0,0,0,0,0,0,0,0,0,0,0.35123121713848,0,0,0.809659055949865,0,10
9.39431254967136e-05,0.990799084866228,0,0,0,0.000668756224863764,0,0,0,0,0,0,0,0,0,0,0,0,0,0,0,0,0,0,0,0.391560027433122,0,0,0.842589091104779,0,10
8.55726559956878e-05,0.947697673481941,0,0,0,0.00124748558429495,0,0,0,0,0,0,0,0,0,0,0,0,0,0,0,0,0,0,0,0.446438562213071,0,0,0.813271515229715,0,10
8.81463173715121e-05,0.906024859286668,0,0,0,0.00177497074894548,0,0,0,0,0,0,0,0,0,0,0,0,0,0,0,0,0,0,0,0.482978558807345,0,0,0.881226444936431,0,10
8.64220997785003e-05,0.866608602033666,0,0,0,0.00278874441655039,0,0,0,0,0,0,0,0,0,0,0,0,0,0,0,0,0,0,0,0.586246657810763,0,0,0.838295305515912,0,10
8.83351621174054e-05,0.818173147264257,0,0,0,0.00502361663605878,0,0,0,0,0,0,0,0,0,0,0,0,0,0,0,0,0,0,0,0.602722261181285,0,0,0.779056563953564,0,10
8.34826253977057e-05,0.823387582482191,0,0,0,0.00954990918362659,0,0,0,0,0,0,0,0,0,0,0,0,0,0,0,0,0,0,0,0.695414019753116,0,0,0.74522594759722,0,10
7.96571660191361e-05,0.802098888293466,0,0,0,0.015111675984996,0,0,0,0,0,0,0,0,0,0,0,0,0,0,0,0,0,0,0,0.792775391123319,0,0,0.747774890628026,0,10
7.67934472680604e-05,0.750562045591066,0,0,0,0.0231407294346639,0,0,0,0,0,0,0,0,0,0,0,0,0,0,0,0,0,0,0,0.998142257647762,0,0,0.653882572453076,0,10
7.33758133537627e-05,0.727135152494995,0,0,0,0.0364808035995081,0,0,0,0,0,0,0,0,0,0,0,0,0,0,0,0,0,0,0,1.08428333380846,0,0,0.533216410981116,0,10
7.10169688507871e-05,0.672838164245302,0,0,0,0.058415389738262,0,0,0,0,0,0,0,0,0,0,0,0,0,0,0,0,0,0,0,1.10903636610219,0,0,0.446063551746908,0,10
7.82758829575262e-05,0.539681503444939,0,0,0,0.0849417081716684,0,0,0,0,0,0,0,0,0,0,0,0,0,0,0,0,0,0,0,1.35676709023774,0,0,0.309106589695754,0,10
7.02162725368332e-05,0.453812590165871,0,0,0,0.0965944987810639,0,0,0,0,0,0,0,0,0,0,0,0,0,0,0,0,0,0,0,1.42217387316509,0,0,0.189291918102064,0,10
6.88488930560054e-05,0.276524015511247,0,0,0,0.08276948550243,0,0,0,0,0,0,0,0,0,0,0,0,0,0,0,0,0,0,0,1.53208801378252,0,0,0.067263710392976,0,10
6.04692057443323e-05,0.0635243758865733,0,0,0,0.032713659536981,0,0,0,0,0,0,0,0,0,0,0,0,0,0,0,0,0,0,0,1.54790825520072,0,0,0.0136243047570339,0,10
6.22354432246224e-05,0.00956533275773486,0,0,0,0.00858834714013736,0,0,0,0,0,0,0,0,0,0,0,0,0,0,0,0,0,0,0,1.32508079762336,0,0,0.00316141880158453,0,10
5.93866386838246e-05,0.00230358973750964,0,0,0,0.00242219485750928,0,0,0,0,0,0,0,0,0,0,0,0,0,0,0,0,0,0,0,1.19563940710115,0,0,0.00123548827679537,0,10
5.62330829157108e-05,0.00100724784821828,0,0,0,0.000929433141596534,0,0,0,0,0,0,0,0,0,0,0,0,0,0,0,0,0,0,0,1.13219889388276,0,0,0.000658190569153213,0,10
5.58761288150752e-05,0.000748366691374088,0,0,0,0.000451512846859554,0,0,0,0,0,0,0,0,0,0,0,0,0,0,0,0,0,0,0,0.951198914736446,0,0,0.000561523353304353,0,10
5.37070357526891e-05,0.000651545988326084,0,0,0,0.000247710261851991,0,0,0,0,0,0,0,0,0,0,0,0,0,0,0,0,0,0,0,0.860708791198115,0,0,0.000458516601563723,0,10
5.19056961743598e-05,0.000644528079439119,0,0,0,0.00017817178375323,0,0,0,0,0,0,0,0,0,0,0,0,0,0,0,0,0,0,0,0.7788855937787,0,0,0.000487813048281054,0,10
4.94221341104114e-05,0.000741013920681397,0,0,0,0.000107310069456518,0,0,0,0,0,0,0,0,0,0,0,0,0,0,0,0,0,0,0,0.678447378828923,0,0,0.000585150463238852,0,10
4.96008096941564e-05,0.000836072159876518,0,0,0,7.65468010019101e-05,0,0,0,0,0,0,0,0,0,0,0,0,0,0,0,0,0,0,0,0.632452101705401,0,0,0.00065698201334483,0,10
5.21666249362717e-05,0.00106829981536285,0,0,0,5.47053646204454e-05,0,0,0,0,0,0,0,0,0,0,0,0,0,0,0,0,0,0,0,0.574661478607658,0,0,0.00091989316959159,0,10
5.55594806971189e-05,0.00140673369914316,0,0,0,4.19349085484845e-05,0,0,0,0,0,0,0,0,0,0,0,0,0,0,0,0,0,0,0,0.478262631003314,0,0,0.00117829034080932,0,10
5.61638263987853e-05,0.00188555290279554,0,0,0,3.47991860889057e-05,0,0,0,0,0,0,0,0,0,0,0,0,0,0,0,0,0,0,0,0.433531150598856,0,0,0.00150902096530389,0,10
5.29694367806755e-05,0.0028561697406063,0,0,0,2.94164467401212e-05,0,0,0,0,0,0,0,0,0,0,0,0,0,0,0,0,0,0,0,0.361871012439258,0,0,0.00231543533250063,0,10
5.08334874190862e-05,0.00427752798408289,0,0,0,2.7348283067022e-05,0,0,0,0,0,0,0,0,0,0,0,0,0,0,0,0,0,0,0,0.322152050981232,0,0,0.00347533426347643,0,10
5.02633192551589e-05,0.00683403096128378,0,0,0,2.37972048146951e-05,0,0,0,0,0,0,0,0,0,0,0,0,0,0,0,0,0,0,0,0.282228568615624,0,0,0.00521746869723445,0,10
4.96399186766073e-05,0.0113927376301541,0,0,0,2.18859032600251e-05,0,0,0,0,0,0,0,0,0,0,0,0,0,0,0,0,0,0,0,0.247378135896084,0,0,0.00915567076859806,0,10
4.90101528733295e-05,0.0172028925355859,0,0,0,1.98182988766688e-05,0,0,0,0,0,0,0,0,0,0,0,0,0,0,0,0,0,0,0,0.232580547865577,0,0,0.0145810215698202,0,10
4.70026364009247e-05,0.0271281267605803,0,0,0,1.90032317679173e-05,0,0,0,0,0,0,0,0,0,0,0,0,0,0,0,0,0,0,0,0.22407240585654,0,0,0.0234850372345832,0,10
4.33728542413907e-05,0.0450048731757783,0,0,0,2.18188671299002e-05,0,0,0,0,0,0,0,0,0,0,0,0,0,0,0,0,0,0,0,0.212450788585868,0,0,0.0421196758539571,0,10
4.11188778125104e-05,0.0788062549697638,0,0,0,3.02172054757289e-05,0,0,0,0,0,0,0,0,0,0,0,0,0,0,0,0,0,0,0,0.210026650037199,0,0,0.0719742837976108,0,10
4.00009160727437e-05,0.141562144843688,0,0,0,4.69020765064198e-05,0,0,0,0,0,0,0,0,0,0,0,0,0,0,0,0,0,0,0,0.195541904188837,0,0,0.134143510737345,0,10
3.85997056687237e-05,0.234605357582784,0,0,0,7.17521380146243e-05,0,0,0,0,0,0,0,0,0,0,0,0,0,0,0,0,0,0,0,0.221550260840327,0,0,0.252106214594087,0,10
3.77994814160737e-05,0.385153886250384,0,0,0,0.000117883384356839,0,0,0,0,0,0,0,0,0,0,0,0,0,0,0,0,0,0,0,0.244762707758127,0,0,0.398894001301606,0,10
3.94392318415406e-05,0.580577013522674,0,0,0,0.000202909101018053,0,0,0,0,0,0,0,0,0,0,0,0,0,0,0,0,0,0,0,0.270669202933504,0,0,0.6403795726044,0,10
3.64751099191972e-05,0.769381411732893,0,0,0,0.000349062226741216,0,0,0,0,0,0,0,0,0,0,0,0,0,0,0,0,0,0,0,0.299011693379437,0,0,0.783532320196557,0,10
3.51739399783977e-05,0.845839300577292,0,0,0,0.000597573839134921,0,0,0,0,0,0,0,0,0,0,0,0,0,0,0,0,0,0,0,0.321937799806567,0,0,0.87346198329173,0,10
2.92548364849849e-05,0.852674708379655,0,0,0,0.00101940790273771,0,0,0,0,0,0,0,0,0,0,0,0,0,0,0,0,0,0,0,0.334831557072952,0,0,0.88394079203662,0,10
3.04171265333656e-05,0.913019768771185,0,0,0,0.00184509900070186,0,0,0,0,0,0,0,0,0,0,0,0,0,0,0,0,0,0,0,0.3271602520696,0,0,0.891551955655367,0,10
2.98755926420839e-05,0.926695173697053,0,0,0,0.00348499802219668,0,0,0,0,0,0,0,0,0,0,0,0,0,0,0,0,0,0,0,0.392914228881959,0,0,0.873417038686636,0,10
3.14765577554497e-05,0.907984463643495,0,0,0,0.00595807325745133,0,0,0,0,0,0,0,0,0,0,0,0,0,0,0,0,0,0,0,0.419849169532915,0,0,0.873453167166381,0,10
3.02786347964363e-05,0.92873101207045,0,0,0,0.0104999043343965,0,0,0,0,0,0,0,0,0,0,0,0,0,0,0,0,0,0,0,0.467362268477732,0,0,0.803893003069075,0,10
2.95559042016634e-05,0.898273396695002,0,0,0,0.0153238157644311,0,0,0,0,0,0,0,0,0,0,0,0,0,0,0,0,0,0,0,0.543299617950144,0,0,0.826731588275949,0,10
2.95640023574502e-05,0.889559646409426,0,0,0,0.0259538586977159,0,0,0,0,0,0,0,0,0,0,0,0,0,0,0,0,0,0,0,0.672666376517072,0,0,0.755532403086629,0,10
2.75239492972565e-05,0.911515089434923,0,0,0,0.0411792238834987,0,0,0,0,0,0,0,0,0,0,0,0,0,0,0,0,0,0,0,0.812729650141165,0,0,0.661148573623645,0,10
2.67067511439291e-05,0.853532068137377,0,0,0,0.0614378480345689,0,0,0,0,0,0,0,0,0,0,0,0,0,0,0,0,0,0,0,0.898191192893028,0,0,0.58002496737708,0,10
2.68056016917542e-05,0.767158684059464,0,0,0,0.0776161170109215,0,0,0,0,0,0,0,0,0,0,0,0,0,0,0,0,0,0,0,1.07445507339164,0,0,0.514521640524048,0,10
2.33217570047394e-05,0.709791562225351,0,0,0,0.116399022577352,0,0,0,0,0,0,0,0,0,0,0,0,0,0,0,0,0,0,0,1.22090323769633,0,0,0.393537844422721,0,10
2.22120937642521e-05,0.649626214584413,0,0,0,0.157729432322035,0,0,0,0,0,0,0,0,0,0,0,0,0,0,0,0,0,0,0,1.3674908171438,0,0,0.209511866727399,0,10
2.19330700847424e-05,0.513664811980546,0,0,0,0.158605701333479,0,0,0,0,0,0,0,0,0,0,0,0,0,0,0,0,0,0,0,1.4713430872879,0,0,0.0511979089450581,0,10
2.16379077731612e-05,0.236854478102418,0,0,0,0.0878994535968965,0,0,0,0,0,0,0,0,0,0,0,0,0,0,0,0,0,0,0,1.71869257648517,0,0,0.00684058881667845,0,10
2.24266250839448e-05,0.0262700228186547,0,0,0,0.0198284285254275,0,0,0,0,0,0,0,0,0,0,0,0,0,0,0,0,0,0,0,1.70136728628867,0,0,0.00168927585749484,0,10
2.42779503754904e-05,0.00432960325507325,0,0,0,0.00426427737386163,0,0,0,0,0,0,0,0,0,0,0,0,0,0,0,0,0,0,0,1.39771124150433,0,0,0.000704978902910429,0,10
2.33823956412206e-05,0.00139550770214377,0,0,0,0.00129960742416479,0,0,0,0,0,0,0,0,0,0,0,0,0,0,0,0,0,0,0,1.25571833485126,0,0,0.000383652615726732,0,10
2.23239137542939e-05,0.000744586801219489,0,0,0,0.000593378639572641,0,0,0,0,0,0,0,0,0,0,0,0,0,0,0,0,0,0,0,1.09458880898318,0,0,0.000281112805503592,0,10
2.22483743792133e-05,0.000494754170560239,0,0,0,0.000277232070099523,0,0,0,0,0,0,0,0,0,0,0,0,0,0,0,0,0,0,0,0.985964701483463,0,0,0.000240960405157427,0,10
2.21622004565106e-05,0.00044742021947271,0,0,0,0.000162256524956299,0,0,0,0,0,0,0,0,0,0,0,0,0,0,0,0,0,0,0,0.848320141344685,0,0,0.000254160568968498,0,10
2.34030988976213e-05,0.000431740769052159,0,0,0,9.22053611168322e-05,0,0,0,0,0,0,0,0,0,0,0,0,0,0,0,0,0,0,0,0.78463205447719,0,0,0.000274675072720468,0,10
2.32544628925806e-05,0.000497517447536639,0,0,0,5.63549312972055e-05,0,0,0,0,0,0,0,0,0,0,0,0,0,0,0,0,0,0,0,0.690627636697373,0,0,0.000336449537454483,0,10
2.21123102465645e-05,0.000608406690800527,0,0,0,3.98740026943273e-05,0,0,0,0,0,0,0,0,0,0,0,0,0,0,0,0,0,0,0,0.596429348807659,0,0,0.000416470604065019,0,10
2.134650826948e-05,0.000758347101427608,0,0,0,2.6757667053102e-05,0,0,0,0,0,0,0,0,0,0,0,0,0,0,0,0,0,0,0,0.537837622851637,0,0,0.00053257231824724,0,10
2.06108930314476e-05,0.0010374774816392,0,0,0,2.12347108076202e-05,0,0,0,0,0,0,0,0,0,0,0,0,0,0,0,0,0,0,0,0.485791778617682,0,0,0.000756252393166731,0,10
2.07434152853562e-05,0.00147315498059073,0,0,0,1.86935906953778e-05,0,0,0,0,0,0,0,0,0,0,0,0,0,0,0,0,0,0,0,0.422232022832059,0,0,0.0011574913995265,0,10
2.25587370247819e-05,0.00208374817163342,0,0,0,1.47297865387552e-05,0,0,0,0,0,0,0,0,0,0,0,0,0,0,0,0,0,0,0,0.399362708520675,0,0,0.00170149454610131,0,10
2.15661823663896e-05,0.00269865366771605,0,0,0,1.21074601383118e-05,0,0,0,0,0,0,0,0,0,0,0,0,0,0,0,0,0,0,0,0.378155923027826,0,0,0.00234693317661186,0,10
2.33139153706866e-05,0.00415363719919741,0,0,0,1.12523706710943e-05,0,0,0,0,0,0,0,0,0,0,0,0,0,0,0,0,0,0,0,0.330440499619104,0,0,0.00362662334933668,0,10
2.2599360777275e-05,0.00586952149581736,0,0,0,1.02665874442165e-05,0,0,0,0,0,0,0,0,0,0,0,0,0,0,0,0,0,0,0,0.304198453848589,0,0,0.00580818978155189,0,10
2.42432160265676e-05,0.010096185235478,0,0,0,9.81839737649646e-06,0,0,0,0,0,0,0,0,0,0,0,0,0,0,0,0,0,0,0,0.255169434723056,0,0,0.00917369255191458,0,10
2.50362790239895e-05,0.0159396054604621,0,0,0,9.24561229087153e-06,0,0,0,0,0,0,0,0,0,0,0,0,0,0,0,0,0,0,0,0.237850429564663,0,0,0.0141222554879816,0,10
2.52327008106405e-05,0.0261838503404503,0,0,0,1.00047461037995e-05,0,0,0,0,0,0,0,0,0,0,0,0,0,0,0,0,0,0,0,0.218359200130183,0,0,0.025404063855109,0,10
2.5612037950971e-05,0.041914773166631,0,0,0,1.04344457796949e-05,0,0,0,0,0,0,0,0,0,0,0,0,0,0,0,0,0,0,0,0.188390398935077,0,0,0.0500101177467403,0,10
2.62973175587128e-05,0.0886766395320598,0,0,0,1.53438069732156e-05,0,0,0,0,0,0,0,0,0,0,0,0,0,0,0,0,0,0,0,0.179771083537897,0,0,0.0931815957922444,0,10
2.489994544538e-05,0.174783030305813,0,0,0,2.49633276148128e-05,0,0,0,0,0,0,0,0,0,0,0,0,0,0,0,0,0,0,0,0.173880601009927,0,0,0.188477573996661,0,10
2.38919643604404e-05,0.299972153300376,0,0,0,3.78562280167159e-05,0,0,0,0,0,0,0,0,0,0,0,0,0,0,0,0,0,0,0,0.216756150932007,0,0,0.32742320246381,0,10
2.28887164795481e-05,0.479164900082776,0,0,0,6.82647300817145e-05,0,0,0,0,0,0,0,0,0,0,0,0,0,0,0,0,0,0,0,0.235330228381086,0,0,0.493441126569541,0,10
2.44229152348022e-05,0.630056248008116,0,0,0,0.000126170760747968,0,0,0,0,0,0,0,0,0,0,0,0,0,0,0,0,0,0,0,0.282565738605549,0,0,0.688446887049268,0,10
2.40301583323316e-05,0.727566191846574,0,0,0,0.000213027337514863,0,0,0,0,0,0,0,0,0,0,0,0,0,0,0,0,0,0,0,0.309159542240767,0,0,0.762036058769295,0,10
2.26794135423747e-05,0.788652980160162,0,0,0,0.000388183311708234,0,0,0,0,0,0,0,0,0,0,0,0,0,0,0,0,0,0,0,0.338809958123573,0,0,0.869098345513877,0,10
2.35929811699586e-05,0.823782107152832,0,0,0,0.000613884229679124,0,0,0,0,0,0,0,0,0,0,0,0,0,0,0,0,0,0,0,0.362203930313728,0,0,0.937885254712927,0,10
2.21843770166122e-05,0.880412663959381,0,0,0,0.00122447338731459,0,0,0,0,0,0,0,0,0,0,0,0,0,0,0,0,0,0,0,0.404260974706369,0,0,0.935346632783813,0,10
2.13068133952994e-05,0.865431140239667,0,0,0,0.00224616669864599,0,0,0,0,0,0,0,0,0,0,0,0,0,0,0,0,0,0,0,0.429156851983461,0,0,0.962504990512745,0,10
2.06791799431426e-05,0.800833964387225,0,0,0,0.0044269083665472,0,0,0,0,0,0,0,0,0,0,0,0,0,0,0,0,0,0,0,0.51686362925369,0,0,0.94822578537124,0,10
2.21349377671543e-05,0.797334793867312,0,0,0,0.00709664787380388,0,0,0,0,0,0,0,0,0,0,0,0,0,0,0,0,0,0,0,0.605798161808848,0,0,0.888570004657504,0,10
2.25511662663233e-05,0.771006960220982,0,0,0,0.011866959104017,0,0,0,0,0,0,0,0,0,0,0,0,0,0,0,0,0,0,0,0.776192902662122,0,0,0.805883747778797,0,10
2.24436384142682e-05,0.807182989651729,0,0,0,0.0169512865965792,0,0,0,0,0,0,0,0,0,0,0,0,0,0,0,0,0,0,0,0.85891626655663,0,0,0.764601626712222,0,10
2.14009064050944e-05,0.784745713359415,0,0,0,0.0268895812103942,0,0,0,0,0,0,0,0,0,0,0,0,0,0,0,0,0,0,0,0.935828035261185,0,0,0.72332352152174,0,10
1.99870512544872e-05,0.743226599270186,0,0,0,0.0408530909117301,0,0,0,0,0,0,0,0,0,0,0,0,0,0,0,0,0,0,0,1.05488058045855,0,0,0.691842024909632,0,10
1.96626324414048e-05,0.665462631754675,0,0,0,0.06497447033672,0,0,0,0,0,0,0,0,0,0,0,0,0,0,0,0,0,0,0,1.19331172389017,0,0,0.565853416043951,0,10
1.89034387119204e-05,0.523711251638696,0,0,0,0.0874259347676512,0,0,0,0,0,0,0,0,0,0,0,0,0,0,0,0,0,0,0,1.38954197356495,0,0,0.353714360383706,0,10
1.97272007231982e-05,0.456656518842885,0,0,0,0.115390029879526,0,0,0,0,0,0,0,0,0,0,0,0,0,0,0,0,0,0,0,1.45655610593194,0,0,0.18362530817413,0,10
1.81533868260225e-05,0.273463694439588,0,0,0,0.104732420241349,0,0,0,0,0,0,0,0,0,0,0,0,0,0,0,0,0,0,0,1.52182745406123,0,0,0.0503896971253512,0,10
1.7937017132307e-05,0.0345914882968623,0,0,0,0.028697173339113,0,0,0,0,0,0,0,0,0,0,0,0,0,0,0,0,0,0,0,1.75418970957809,0,0,0.00569416216306838,0,10
1.78043171866456e-05,0.00352069912676752,0,0,0,0.00448506670554965,0,0,0,0,0,0,0,0,0,0,0,0,0,0,0,0,0,0,0,1.56820802015415,0,0,0.00115915808019212,0,10
1.83232886568822e-05,0.00113109014886317,0,0,0,0.00135365713692076,0,0,0,0,0,0,0,0,0,0,0,0,0,0,0,0,0,0,0,1.32052220610897,0,0,0.000533208455073155,0,10
1.9120604582282e-05,0.000690189665636823,0,0,0,0.000517988217665143,0,0,0,0,0,0,0,0,0,0,0,0,0,0,0,0,0,0,0,1.14034736689025,0,0,0.000358225916118896,0,10
1.83598034814054e-05,0.0004334932241919,0,0,0,0.000236734384953905,0,0,0,0,0,0,0,0,0,0,0,0,0,0,0,0,0,0,0,1.10819897767236,0,0,0.00024855402429324,0,10
1.66294574610032e-05,0.000379981440082471,0,0,0,0.000123923225434219,0,0,0,0,0,0,0,0,0,0,0,0,0,0,0,0,0,0,0,0.961830634224407,0,0,0.000248381583930126,0,10
1.62631491915836e-05,0.000349818360199389,0,0,0,7.75326524416636e-05,0,0,0,0,0,0,0,0,0,0,0,0,0,0,0,0,0,0,0,0.866104863557246,0,0,0.000253484896681207,0,10
1.49285939261145e-05,0.000413657795241013,0,0,0,5.35388689483213e-05,0,0,0,0,0,0,0,0,0,0,0,0,0,0,0,0,0,0,0,0.713790049680304,0,0,0.000310770338393658,0,10
1.43189990746631e-05,0.000609004066102124,0,0,0,4.09848975354695e-05,0,0,0,0,0,0,0,0,0,0,0,0,0,0,0,0,0,0,0,0.543512176418428,0,0,0.000480841321737872,0,10
1.38342656617319e-05,0.000807463414865698,0,0,0,2.85428884591058e-05,0,0,0,0,0,0,0,0,0,0,0,0,0,0,0,0,0,0,0,0.480164740177148,0,0,0.000706158282564227,0,10
1.31186445939448e-05,0.00126569622546929,0,0,0,2.31755239738371e-05,0,0,0,0,0,0,0,0,0,0,0,0,0,0,0,0,0,0,0,0.389179583305897,0,0,0.00110232106890392,0,10
1.38871249925793e-05,0.00196245471292067,0,0,0,1.9750943464718e-05,0,0,0,0,0,0,0,0,0,0,0,0,0,0,0,0,0,0,0,0.351529704694235,0,0,0.00163907406465641,0,10
1.28207805994091e-05,0.00302072654676967,0,0,0,1.65869007076438e-05,0,0,0,0,0,0,0,0,0,0,0,0,0,0,0,0,0,0,0,0.315726353208494,0,0,0.00273042964494301,0,10
1.23797292415944e-05,0.00466565552545869,0,0,0,1.44273353847252e-05,0,0,0,0,0,0,0,0,0,0,0,0,0,0,0,0,0,0,0,0.29726938855493,0,0,0.00432762642905376,0,10
1.12647284746991e-05,0.00722671241555871,0,0,0,1.14483246633666e-05,0,0,0,0,0,0,0,0,0,0,0,0,0,0,0,0,0,0,0,0.273403852059978,0,0,0.00694794731333887,0,10
1.12338588808444e-05,0.0108666927915574,0,0,0,1.03614862111165e-05,0,0,0,0,0,0,0,0,0,0,0,0,0,0,0,0,0,0,0,0.255760043513975,0,0,0.010924919837917,0,10
1.08145732832597e-05,0.017863760384066,0,0,0,1.16092468055526e-05,0,0,0,0,0,0,0,0,0,0,0,0,0,0,0,0,0,0,0,0.222311290828075,0,0,0.0170598209219363,0,10
1.01963538898849e-05,0.0328170978557411,0,0,0,1.09287301483797e-05,0,0,0,0,0,0,0,0,0,0,0,0,0,0,0,0,0,0,0,0.194162847727234,0,0,0.0305550136716934,0,10
9.67897853170748e-06,0.052108932641881,0,0,0,1.2426712338702e-05,0,0,0,0,0,0,0,0,0,0,0,0,0,0,0,0,0,0,0,0.207122506758068,0,0,0.0479593296550714,0,10
9.95198892070389e-06,0.0813187171239102,0,0,0,1.59791662678617e-05,0,0,0,0,0,0,0,0,0,0,0,0,0,0,0,0,0,0,0,0.195425259819619,0,0,0.0743496015775469,0,10
9.51151672578413e-06,0.150244148252483,0,0,0,2.00341135574501e-05,0,0,0,0,0,0,0,0,0,0,0,0,0,0,0,0,0,0,0,0.193490232379611,0,0,0.125756975358953,0,10
8.89516195841944e-06,0.288802563016836,0,0,0,3.23559289649712e-05,0,0,0,0,0,0,0,0,0,0,0,0,0,0,0,0,0,0,0,0.183738188059218,0,0,0.229709037926747,0,10
8.29433710780649e-06,0.497967055795817,0,0,0,6.05175278394575e-05,0,0,0,0,0,0,0,0,0,0,0,0,0,0,0,0,0,0,0,0.205456864879831,0,0,0.347977858157949,0,10
8.186062636512e-06,0.7145340763263,0,0,0,0.000100463389368118,0,0,0,0,0,0,0,0,0,0,0,0,0,0,0,0,0,0,0,0.248619744975767,0,0,0.524237863569302,0,10
7.78168912947136e-06,0.9915350950847,0,0,0,0.000190521592914148,0,0,0,0,0,0,0,0,0,0,0,0,0,0,0,0,0,0,0,0.260177495980849,0,0,0.621830133007294,0,10
7.27707183416692e-06,1.11068003052506,0,0,0,0.000296319059485165,0,0,0,0,0,0,0,0,0,0,0,0,0,0,0,0,0,0,0,0.290094023404504,0,0,0.647348515329299,0,10
6.91315681713589e-06,1.1560590968777,0,0,0,0.000555136730384244,0,0,0,0,0,0,0,0,0,0,0,0,0,0,0,0,0,0,0,0.344830678325153,0,0,0.64272825762293,0,10
6.66360549495119e-06,1.1488944372505,0,0,0,0.000912521735387233,0,0,0,0,0,0,0,0,0,0,0,0,0,0,0,0,0,0,0,0.43401377705356,0,0,0.663953880243106,0,10
6.98035902284173e-06,1.13023293905805,0,0,0,0.00155004601153508,0,0,0,0,0,0,0,0,0,0,0,0,0,0,0,0,0,0,0,0.475127551960854,0,0,0.692279416333885,0,10
7.2358407852201e-06,1.13019077565463,0,0,0,0.00290169354791242,0,0,0,0,0,0,0,0,0,0,0,0,0,0,0,0,0,0,0,0.521963380737024,0,0,0.642803199043365,0,10
7.07370440069936e-06,1.0327419093905,0,0,0,0.0055395343551068,0,0,0,0,0,0,0,0,0,0,0,0,0,0,0,0,0,0,0,0.526717385148573,0,0,0.661182204306036,0,10
7.68911486477562e-06,0.96405170720365,0,0,0,0.00912425469457456,0,0,0,0,0,0,0,0,0,0,0,0,0,0,0,0,0,0,0,0.649865126723897,0,0,0.597863701816766,0,10
7.56423845232032e-06,0.94312682118108,0,0,0,0.0130709120399733,0,0,0,0,0,0,0,0,0,0,0,0,0,0,0,0,0,0,0,0.703335125662054,0,0,0.573367142365348,0,10
7.04192051456728e-06,0.939080639515059,0,0,0,0.0229295866625981,0,0,0,0,0,0,0,0,0,0,0,0,0,0,0,0,0,0,0,0.767826147737348,0,0,0.563704552718134,0,10
6.40346409390047e-06,0.893339461573596,0,0,0,0.0427695428090596,0,0,0,0,0,0,0,0,0,0,0,0,0,0,0,0,0,0,0,0.904547743668983,0,0,0.526740500971779,0,10
6.03471390340768e-06,0.79108387504025,0,0,0,0.0676624392154583,0,0,0,0,0,0,0,0,0,0,0,0,0,0,0,0,0,0,0,0.961984776076331,0,0,0.467017410426696,0,10
6.06793877790846e-06,0.715939725411949,0,0,0,0.0964268185416305,0,0,0,0,0,0,0,0,0,0,0,0,0,0,0,0,0,0,0,1.0808709647479,0,0,0.392350452806458,0,10
6.4503986837442e-06,0.66261170476874,0,0,0,0.14758736272162,0,0,0,0,0,0,0,0,0,0,0,0,0,0,0,0,0,0,0,1.21591606733183,0,0,0.246036897929112,0,10
6.35424644394817e-06,0.675489390060015,0,0,0,0.171965562903106,0,0,0,0,0,0,0,0,0,0,0,0,0,0,0,0,0,0,0,1.23517088058495,0,0,0.0865545964231092,0,10
6.15705239108225e-06,0.629845149931949,0,0,0,0.155545007955443,0,0,0,0,0,0,0,0,0,0,0,0,0,0,0,0,0,0,0,1.25755601551409,0,0,0.00952180359587104,0,10
6.06888133359455e-06,0.418824944380103,0,0,0,0.0904175763197762,0,0,0,0,0,0,0,0,0,0,0,0,0,0,0,0,0,0,0,1.36864806677863,0,0,0.0026904151366729,0,10
5.63033845790563e-06,0.175049741573005,0,0,0,0.0471740281625482,0,0,0,0,0,0,0,0,0,0,0,0,0,0,0,0,0,0,0,1.4170070513668,0,0,0.00138544252849382,0,10
5.83929930539973e-06,0.0265555370643351,0,0,0,0.0128911503047562,0,0,0,0,0,0,0,0,0,0,0,0,0,0,0,0,0,0,0,1.33821868051427,0,0,0.000827583972468986,0,10
5.55427622256431e-06,0.00430535046104756,0,0,0,0.00312570489495335,0,0,0,0,0,0,0,0,0,0,0,0,0,0,0,0,0,0,0,1.26874533479454,0,0,0.000439081431123288,0,10
5.61756151421635e-06,0.001919854759736,0,0,0,0.00117485947197361,0,0,0,0,0,0,0,0,0,0,0,0,0,0,0,0,0,0,0,1.07968118644888,0,0,0.000342260459044132,0,10
5.72818129176162e-06,0.00121543494140199,0,0,0,0.000557100576092215,0,0,0,0,0,0,0,0,0,0,0,0,0,0,0,0,0,0,0,0.940809181968528,0,0,0.000308746229485231,0,10
5.96589545250703e-06,0.000946262495031519,0,0,0,0.000321539575204535,0,0,0,0,0,0,0,0,0,0,0,0,0,0,0,0,0,0,0,0.834396641273052,0,0,0.000303368940256408,0,10
5.96133324984766e-06,0.00081660567497806,0,0,0,0.000185387826520836,0,0,0,0,0,0,0,0,0,0,0,0,0,0,0,0,0,0,0,0.777930343585718,0,0,0.000310415068654245,0,10
5.99594649125305e-06,0.000825709804656452,0,0,0,0.000118426655976308,0,0,0,0,0,0,0,0,0,0,0,0,0,0,0,0,0,0,0,0.692613741469837,0,0,0.00036530047982398,0,10
5.77665184733286e-06,0.000947025309921635,0,0,0,9.02524782153956e-05,0,0,0,0,0,0,0,0,0,0,0,0,0,0,0,0,0,0,0,0.596829705726284,0,0,0.000466588648738741,0,10
5.90754605310823e-06,0.00126542026318622,0,0,0,6.97918437652741e-05,0,0,0,0,0,0,0,0,0,0,0,0,0,0,0,0,0,0,0,0.498551083096232,0,0,0.000645724199029976,0,10
6.18626427729625e-06,0.00197656044987504,0,0,0,5.87203003965401e-05,0,0,0,0,0,0,0,0,0,0,0,0,0,0,0,0,0,0,0,0.425712083295943,0,0,0.00103120772609755,0,10
5.78444273512325e-06,0.00310270385068276,0,0,0,4.59800425063824e-05,0,0,0,0,0,0,0,0,0,0,0,0,0,0,0,0,0,0,0,0.350957765714412,0,0,0.00175300748997642,0,10
5.81553390001124e-06,0.00466091941900683,0,0,0,4.18671927878459e-05,0,0,0,0,0,0,0,0,0,0,0,0,0,0,0,0,0,0,0,0.313558514847081,0,0,0.0029313775524201,0,10
5.15278147260782e-06,0.00773005000299272,0,0,0,3.49682200725687e-05,0,0,0,0,0,0,0,0,0,0,0,0,0,0,0,0,0,0,0,0.268257642694918,0,0,0.00499160597767605,0,10
5.11786902568498e-06,0.0118293092364349,0,0,0,3.19929646856785e-05,0,0,0,0,0,0,0,0,0,0,0,0,0,0,0,0,0,0,0,0.263963977219513,0,0,0.00887946879582333,0,10
5.01432659169141e-06,0.0176302959586743,0,0,0,2.84521525245458e-05,0,0,0,0,0,0,0,0,0,0,0,0,0,0,0,0,0,0,0,0.243873972182696,0,0,0.0162550370506771,0,10
5.08310929622217e-06,0.029813599182627,0,0,0,2.89065459529406e-05,0,0,0,0,0,0,0,0,0,0,0,0,0,0,0,0,0,0,0,0.217915013034764,0,0,0.0275138238125153,0,10
4.77087867666388e-06,0.0477231141766727,0,0,0,3.09302426610657e-05,0,0,0,0,0,0,0,0,0,0,0,0,0,0,0,0,0,0,0,0.216698766964483,0,0,0.0443114397533836,0,10
4.22368207858452e-06,0.0892290953385716,0,0,0,3.76210461996162e-05,0,0,0,0,0,0,0,0,0,0,0,0,0,0,0,0,0,0,0,0.192253750484822,0,0,0.0752781299689955,0,10
3.99152385964692e-06,0.180050449559021,0,0,0,5.00390167154786e-05,0,0,0,0,0,0,0,0,0,0,0,0,0,0,0,0,0,0,0,0.203053750776216,0,0,0.137915088072566,0,10
3.7592495276342e-06,0.305298371738707,0,0,0,8.61706392104557e-05,0,0,0,0,0,0,0,0,0,0,0,0,0,0,0,0,0,0,0,0.236372371544179,0,0,0.236419462667407,0,10
3.53309591857863e-06,0.469258599835918,0,0,0,0.00014813262751346,0,0,0,0,0,0,0,0,0,0,0,0,0,0,0,0,0,0,0,0.273765805869435,0,0,0.372925062116069,0,10
3.16637849785279e-06,0.664617586857234,0,0,0,0.000250736298400833,0,0,0,0,0,0,0,0,0,0,0,0,0,0,0,0,0,0,0,0.319205926943375,0,0,0.501213222369405,0,10
3.05861423937982e-06,0.778382685239892,0,0,0,0.00041958582735286,0,0,0,0,0,0,0,0,0,0,0,0,0,0,0,0,0,0,0,0.312967925174375,0,0,0.646088878947024,0,10
3.04009998643364e-06,0.916069816989088,0,0,0,0.000746128926203264,0,0,0,0,0,0,0,0,0,0,0,0,0,0,0,0,0,0,0,0.33442312109516,0,0,0.756649124072187,0,10
3.06126380897674e-06,0.961741653501738,0,0,0,0.00134836955979243,0,0,0,0,0,0,0,0,0,0,0,0,0,0,0,0,0,0,0,0.390189104656596,0,0,0.812087829022079,0,10
3.0548514722031e-06,0.961543183669344,0,0,0,0.00225834808996847,0,0,0,0,0,0,0,0,0,0,0,0,0,0,0,0,0,0,0,0.448911792190043,0,0,0.80442312206329,0,10
3.18305668066388e-06,0.915936576575742,0,0,0,0.00457376050978323,0,0,0,0,0,0,0,0,0,0,0,0,0,0,0,0,0,0,0,0.493283678792685,0,0,0.773108009058469,0,10
2.95260526889417e-06,0.906263933471719,0,0,0,0.00833328256166577,0,0,0,0,0,0,0,0,0,0,0,0,0,0,0,0,0,0,0,0.548239410336037,0,0,0.719112942634238,0,10
2.8948155567888e-06,0.843402033164311,0,0,0,0.0152249233423083,0,0,0,0,0,0,0,0,0,0,0,0,0,0,0,0,0,0,0,0.635474450494597,0,0,0.699670998119655,0,10
2.72965046545934e-06,0.728362197204784,0,0,0,0.0279845949672693,0,0,0,0,0,0,0,0,0,0,0,0,0,0,0,0,0,0,0,0.829898937247639,0,0,0.670655871029178,0,10
2.63731465500898e-06,0.700929818063982,0,0,0,0.0460437286838059,0,0,0,0,0,0,0,0,0,0,0,0,0,0,0,0,0,0,0,1.03021739365976,0,0,0.635472589060117,0,10
2.66032622758867e-06,0.582973098542049,0,0,0,0.0707244448357248,0,0,0,0,0,0,0,0,0,0,0,0,0,0,0,0,0,0,0,1.30131711946263,0,0,0.416840756529359,0,10
2.76589367583602e-06,0.461471809545486,0,0,0,0.10004625411211,0,0,0,0,0,0,0,0,0,0,0,0,0,0,0,0,0,0,0,1.4071612904851,0,0,0.237064702555856,0,10
2.86493207939329e-06,0.322253132253293,0,0,0,0.101123732116755,0,0,0,0,0,0,0,0,0,0,0,0,0,0,0,0,0,0,0,1.53916585563831,0,0,0.0805659703347201,0,10
2.82831196392638e-06,0.0855899405689372,0,0,0,0.0428973288858004,0,0,0,0,0,0,0,0,0,0,0,0,0,0,0,0,0,0,0,1.67274657997554,0,0,0.0141414152377473,0,10
2.49715173393887e-06,0.00919751966787792,0,0,0,0.00889591478574381,0,0,0,0,0,0,0,0,0,0,0,0,0,0,0,0,0,0,0,1.51153340876158,0,0,0.00247543107399254,0,10
2.47271500040339e-06,0.00200703272214324,0,0,0,0.00194183609532029,0,0,0,0,0,0,0,0,0,0,0,0,0,0,0,0,0,0,0,1.34785205626766,0,0,0.000787175050606861,0,10
2.43440147730086e-06,0.000831217298082038,0,0,0,0.000628374985636186,0,0,0,0,0,0,0,0,0,0,0,0,0,0,0,0,0,0,0,1.24417399377654,0,0,0.00042398117984576,0,10
2.49528568143601e-06,0.000544674960546909,0,0,0,0.000281813735686889,0,0,0,0,0,0,0,0,0,0,0,0,0,0,0,0,0,0,0,1.10048575405716,0,0,0.000289319162308249,0,10
2.42874357505672e-06,0.000436765432051555,0,0,0,0.000155816181792923,0,0,0,0,0,0,0,0,0,0,0,0,0,0,0,0,0,0,0,0.947620607350364,0,0,0.000286215205516992,0,10
2.28651421357996e-06,0.000417902112576108,0,0,0,9.68070711355998e-05,0,0,0,0,0,0,0,0,0,0,0,0,0,0,0,0,0,0,0,0.842299976075736,0,0,0.000314440376394537,0,10
2.07666860857131e-06,0.000433975941925392,0,0,0,6.50200750480311e-05,0,0,0,0,0,0,0,0,0,0,0,0,0,0,0,0,0,0,0,0.749356675211938,0,0,0.000362321329221961,0,10
1.98377298394039e-06,0.000479382876997837,0,0,0,4.64159978803645e-05,0,0,0,0,0,0,0,0,0,0,0,0,0,0,0,0,0,0,0,0.671744897415786,0,0,0.000452013399932922,0,10
2.05887558281722e-06,0.000599928649859596,0,0,0,3.31472828719366e-05,0,0,0,0,0,0,0,0,0,0,0,0,0,0,0,0,0,0,0,0.573315724407468,0,0,0.000536756643834487,0,10
2.0133607384942e-06,0.000825075919605678,0,0,0,2.59105617989722e-05,0,0,0,0,0,0,0,0,0,0,0,0,0,0,0,0,0,0,0,0.485016848647087,0,0,0.000802435002411062,0,10
1.95635905657355e-06,0.00109813026322394,0,0,0,2.0696062854372e-05,0,0,0,0,0,0,0,0,0,0,0,0,0,0,0,0,0,0,0,0.457821374373639,0,0,0.00113856938957177,0,10
1.91070578078146e-06,0.00169674291114988,0,0,0,1.65832165020983e-05,0,0,0,0,0,0,0,0,0,0,0,0,0,0,0,0,0,0,0,0.420201602325083,0,0,0.00158832377751307,0,10
1.96985465811559e-06,0.00253343272965874,0,0,0,1.45131684596878e-05,0,0,0,0,0,0,0,0,0,0,0,0,0,0,0,0,0,0,0,0.387777704916966,0,0,0.00228533356431977,0,10
1.86557575705635e-06,0.00389457255628764,0,0,0,1.32419653258648e-05,0,0,0,0,0,0,0,0,0,0,0,0,0,0,0,0,0,0,0,0.340344652490091,0,0,0.00339203880110608,0,10
1.91831194528764e-06,0.00602735937779372,0,0,0,1.17112235142243e-05,0,0,0,0,0,0,0,0,0,0,0,0,0,0,0,0,0,0,0,0.278704209612748,0,0,0.00516015071080148,0,10
1.68229798376097e-06,0.00965022455497286,0,0,0,1.10878070302735e-05,0,0,0,0,0,0,0,0,0,0,0,0,0,0,0,0,0,0,0,0.247848715166865,0,0,0.00884852162797953,0,10
1.59619723097741e-06,0.0167322884390607,0,0,0,1.05911050504917e-05,0,0,0,0,0,0,0,0,0,0,0,0,0,0,0,0,0,0,0,0.230244395927646,0,0,0.0137187943356302,0,10
1.60658352826865e-06,0.0262886987819319,0,0,0,1.12411415633064e-05,0,0,0,0,0,0,0,0,0,0,0,0,0,0,0,0,0,0,0,0.230954592510281,0,0,0.0223349061202722,0,10
1.6529071707338e-06,0.0400532780761369,0,0,0,1.27051003309654e-05,0,0,0,0,0,0,0,0,0,0,0,0,0,0,0,0,0,0,0,0.201351934934158,0,0,0.0369913274620249,0,10
1.55575644884948e-06,0.072136934074222,0,0,0,1.68873820131765e-05,0,0,0,0,0,0,0,0,0,0,0,0,0,0,0,0,0,0,0,0.188412182063134,0,0,0.0694660668791314,0,10
1.47092697143208e-06,0.13070002715221,0,0,0,2.45037425802278e-05,0,0,0,0,0,0,0,0,0,0,0,0,0,0,0,0,0,0,0,0.18600611598565,0,0,0.132885247085324,0,10
1.3989122226155e-06,0.263072976845632,0,0,0,3.60214179745058e-05,0,0,0,0,0,0,0,0,0,0,0,0,0,0,0,0,0,0,0,0.197195498737687,0,0,0.234024241736108,0,10
1.35100121466426e-06,0.453247406305217,0,0,0,6.02317712135812e-05,0,0,0,0,0,0,0,0,0,0,0,0,0,0,0,0,0,0,0,0.209772437768589,0,0,0.408785603682745,0,10
1.34121620558923e-06,0.649998890898065,0,0,0,9.02196452541301e-05,0,0,0,0,0,0,0,0,0,0,0,0,0,0,0,0,0,0,0,0.212887575134131,0,0,0.616418326032272,0,10
1.23797151074791e-06,0.720217780260881,0,0,0,0.000127124494319505,0,0,0,0,0,0,0,0,0,0,0,0,0,0,0,0,0,0,0,0.235310232757698,0,0,0.789239887288328,0,10
1.23075924352365e-06,0.74154354349143,0,0,0,0.000217116670667913,0,0,0,0,0,0,0,0,0,0,0,0,0,0,0,0,0,0,0,0.249283683821582,0,0,0.886299828010905,0,10
1.22015193931305e-06,0.837411964914017,0,0,0,0.000389210535187237,0,0,0,0,0,0,0,0,0,0,0,0,0,0,0,0,0,0,0,0.281221423601202,0,0,0.997729263310877,0,10
1.13578710851363e-06,0.881806371236624,0,0,0,0.00069151530659268,0,0,0,0,0,0,0,0,0,0,0,0,0,0,0,0,0,0,0,0.352246080678089,0,0,0.994055766063716,0,10
1.22692081364101e-06,0.815946641577093,0,0,0,0.00118927340613404,0,0,0,0,0,0,0,0,0,0,0,0,0,0,0,0,0,0,0,0.378054608892506,0,0,0.950365811500131,0,10
1.26074461969838e-06,0.84300627910138,0,0,0,0.00206619898620413,0,0,0,0,0,0,0,0,0,0,0,0,0,0,0,0,0,0,0,0.402661909407801,0,0,0.914934946577144,0,10
1.1399566411188e-06,0.885246526834893,0,0,0,0.00327336072428899,0,0,0,0,0,0,0,0,0,0,0,0,0,0,0,0,0,0,0,0.452974620650968,0,0,0.859617479877107,0,10
1.09064378630182e-06,0.922079366027337,0,0,0,0.00673961847304388,0,0,0,0,0,0,0,0,0,0,0,0,0,0,0,0,0,0,0,0.48510375355895,0,0,0.851797532205423,0,10
1.20244012042678e-06,0.943286873084666,0,0,0,0.0119254710076837,0,0,0,0,0,0,0,0,0,0,0,0,0,0,0,0,0,0,0,0.557390832402035,0,0,0.823499478208039,0,10
1.24143095465776e-06,0.923127103133653,0,0,0,0.0180762494691803,0,0,0,0,0,0,0,0,0,0,0,0,0,0,0,0,0,0,0,0.685576820977608,0,0,0.75246514858613,0,10
1.21587053559865e-06,0.94424907115894,0,0,0,0.0300368783940649,0,0,0,0,0,0,0,0,0,0,0,0,0,0,0,0,0,0,0,0.794657865179838,0,0,0.673074575971744,0,10
1.2557495974797e-06,0.887550272326202,0,0,0,0.051792309104396,0,0,0,0,0,0,0,0,0,0,0,0,0,0,0,0,0,0,0,0.861247905730162,0,0,0.639995644681648,0,10
1.10192126679827e-06,0.914449802948987,0,0,0,0.0821626128312771,0,0,0,0,0,0,0,0,0,0,0,0,0,0,0,0,0,0,0,0.888435965799376,0,0,0.548536189323753,0,10
1.03944803936978e-06,0.852955770372874,0,0,0,0.144766444286194,0,0,0,0,0,0,0,0,0,0,0,0,0,0,0,0,0,0,0,1.0449958154695,0,0,0.356668555866747,0,10
1.04386482694487e-06,0.80907031340408,0,0,0,0.196760535441804,0,0,0,0,0,0,0,0,0,0,0,0,0,0,0,0,0,0,0,1.08890933096903,0,0,0.180239121439211,0,10
1.11010461778492e-06,0.754419263883257,0,0,0,0.201327821054942,0,0,0,0,0,0,0,0,0,0,0,0,0,0,0,0,0,0,0,1.22679640539154,0,0,0.030917486803942,0,10
1.10907346896339e-06,0.825361496045509,0,0,0,0.169826336522149,0,0,0,0,0,0,0,0,0,0,0,0,0,0,0,0,0,0,0,1.16573953897292,0,0,0.00249495588318253,0,10
1.22859651372104e-06,0.745569662799411,0,0,0,0.129293334246192,0,0,0,0,0,0,0,0,0,0,0,0,0,0,0,0,0,0,0,1.29137199394625,0,0,0.000660527172307431,0,10
1.17754323763106e-06,0.636682238197707,0,0,0,0.0902640448574221,0,0,0,0,0,0,0,0,0,0,0,0,0,0,0,0,0,0,0,1.40760750687523,0,0,0.000366059016556652,0,10
1.14296896271711e-06,0.417949340660021,0,0,0,0.0608143347299497,0,0,0,0,0,0,0,0,0,0,0,0,0,0,0,0,0,0,0,1.44693774061328,0,0,0.000314562900240754,0,10
1.07123896198042e-06,0.100447921665124,0,0,0,0.0239278509457473,0,0,0,0,0,0,0,0,0,0,0,0,0,0,0,0,0,0,0,1.65640818224528,0,0,0.000261828676294631,0,10
1.09200374963104e-06,0.00835221277840121,0,0,0,0.0048186602606745,0,0,0,0,0,0,0,0,0,0,0,0,0,0,0,0,0,0,0,1.51238740936186,0,0,0.000157788079030826,0,10
1.03630589635974e-06,0.00173216989056995,0,0,0,0.0013560807917836,0,0,0,0,0,0,0,0,0,0,0,0,0,0,0,0,0,0,0,1.3570842736005,0,0,0.00011429313857549,0,10
1.00893106276356e-06,0.000820955890936387,0,0,0,0.000584255687506784,0,0,0,0,0,0,0,0,0,0,0,0,0,0,0,0,0,0,0,1.15078242789209,0,0,0.000104955371642094,0,10
0,0.000527432934267833,0,0,0,0.00027754696664055,0,0,0,0,0,0,0,0,0,0,0,0,0,0,0,0,0,0,0,1.03786503185508,0,0,0.000102474007257106,0,10
0,0.000515640503123504,0,0,0,0.000159403381640635,0,0,0,0,0,0,0,0,0,0,0,0,0,0,0,0,0,0,0,0.914015106178537,0,0,0.000123837358221421,0,10
0,0.000518434224002465,0,0,0,9.99007805909783e-05,0,0,0,0,0,0,0,0,0,0,0,0,0,0,0,0,0,0,0,0.803894957546064,0,0,0.000154836479792831,0,10
0,0.00056644266761594,0,0,0,7.04140094847333e-05,0,0,0,0,0,0,0,0,0,0,0,0,0,0,0,0,0,0,0,0.697507505778043,0,0,0.000209363771630098,0,10
0,0.000634104446214978,0,0,0,4.9040414726329e-05,0,0,0,0,0,0,0,0,0,0,0,0,0,0,0,0,0,0,0,0.656610880576382,0,0,0.000266501409548736,0,10
0,0.000750018190695635,0,0,0,3.40223599691067e-05,0,0,0,0,0,0,0,0,0,0,0,0,0,0,0,0,0,0,0,0.566877293306908,0,0,0.000357143196336055,0,10
0,0.000909274996663054,0,0,0,2.80364394637842e-05,0,0,0,0,0,0,0,0,0,0,0,0,0,0,0,0,0,0,0,0.555296157268061,0,0,0.00049203567303404,0,10
0,0.00118873719330774,0,0,0,2.12485559064872e-05,0,0,0,0,0,0,0,0,0,0,0,0,0,0,0,0,0,0,0,0.498258959024146,0,0,0.000698885053397902,0,10
0,0.00153233479965646,0,0,0,1.6990149634003e-05,0,0,0,0,0,0,0,0,0,0,0,0,0,0,0,0,0,0,0,0.445885134900561,0,0,0.00102623583170747,0,10
0,0.00226504076889703,0,0,0,1.35576577065066e-05,0,0,0,0,0,0,0,0,0,0,0,0,0,0,0,0,0,0,0,0.393407118290324,0,0,0.00165803464316045,0,10
0,0.00350486083053386,0,0,0,1.22122105258787e-05,0,0,0,0,0,0,0,0,0,0,0,0,0,0,0,0,0,0,0,0.33179413842111,0,0,0.00260795306404582,0,10
0,0.00517452396769152,0,0,0,1.06135386295634e-05,0,0,0,0,0,0,0,0,0,0,0,0,0,0,0,0,0,0,0,0.27749930310223,0,0,0.00464570428160856,0,10
0,0.00829393716956603,0,0,0,1.01923954270973e-05,0,0,0,0,0,0,0,0,0,0,0,0,0,0,0,0,0,0,0,0.239449473579977,0,0,0.00741577263096041,0,10
0,0.0142515525816247,0,0,0,9.27396450091029e-06,0,0,0,0,0,0,0,0,0,0,0,0,0,0,0,0,0,0,0,0.209348943371394,0,0,0.0129614027039879,0,10
0,0.0241150513594465,0,0,0,8.88219679819013e-06,0,0,0,0,0,0,0,0,0,0,0,0,0,0,0,0,0,0,0,0.19328440385235,0,0,0.0243138343115751,0,10
0,0.045488718885653,0,0,0,1.03712768483251e-05,0,0,0,0,0,0,0,0,0,0,0,0,0,0,0,0,0,0,0,0.175166705089522,0,0,0.0415488332253853,0,10
0,0.0738665292792639,0,0,0,1.39496474369318e-05,0,0,0,0,0,0,0,0,0,0,0,0,0,0,0,0,0,0,0,0.178106123775913,0,0,0.0719313316523158,0,10
0,0.130530863812776,0,0,0,1.89541144217186e-05,0,0,0,0,0,0,0,0,0,0,0,0,0,0,0,0,0,0,0,0.188093319989995,0,0,0.129834759536809,0,10
0,0.232548564894223,0,0,0,2.87034676608993e-05,0,0,0,0,0,0,0,0,0,0,0,0,0,0,0,0,0,0,0,0.225735800325393,0,0,0.221626454634498,0,10
0,0.34131381178438,0,0,0,4.75069417323838e-05,0,0,0,0,0,0,0,0,0,0,0,0,0,0,0,0,0,0,0,0.244442896387693,0,0,0.376609513410199,0,10
0,0.484267634334385,0,0,0,9.5281347920611e-05,0,0,0,0,0,0,0,0,0,0,0,0,0,0,0,0,0,0,0,0.269922457766208,0,0,0.515448248523998,0,10
0,0.661304442623048,0,0,0,0.000180985615650224,0,0,0,0,0,0,0,0,0,0,0,0,0,0,0,0,0,0,0,0.286581095865298,0,0,0.657791170975238,0,10
0,0.781003126130355,0,0,0,0.00036985549916335,0,0,0,0,0,0,0,0,0,0,0,0,0,0,0,0,0,0,0,0.318941369998158,0,0,0.74542473121332,0,10
0,0.847284348678118,0,0,0,0.000708738173045459,0,0,0,0,0,0,0,0,0,0,0,0,0,0,0,0,0,0,0,0.348741364835997,0,0,0.776388969737711,0,10
0,0.916683088837294,0,0,0,0.00113963498584014,0,0,0,0,0,0,0,0,0,0,0,0,0,0,0,0,0,0,0,0.360566234009105,0,0,0.779823621687563,0,10
0,0.942443180453884,0,0,0,0.00198028368712415,0,0,0,0,0,0,0,0,0,0,0,0,0,0,0,0,0,0,0,0.401152699885532,0,0,0.743571641581347,0,10
0,0.974978649660606,0,0,0,0.00336916192695249,0,0,0,0,0,0,0,0,0,0,0,0,0,0,0,0,0,0,0,0.424273153550014,0,0,0.760827751809623,0,10
0,1.0294785760158,0,0,0,0.00545994965672014,0,0,0,0,0,0,0,0,0,0,0,0,0,0,0,0,0,0,0,0.458116601281833,0,0,0.724585159408913,0,10
0,1.06248177784745,0,0,0,0.0099517907777194,0,0,0,0,0,0,0,0,0,0,0,0,0,0,0,0,0,0,0,0.494652035945961,0,0,0.749094633865065,0,10
0,1.11419242183819,0,0,0,0.0209523696615296,0,0,0,0,0,0,0,0,0,0,0,0,0,0,0,0,0,0,0,0.596485824052369,0,0,0.628170673846705,0,10
0,0.953985342783436,0,0,0,0.0379556251476164,0,0,0,0,0,0,0,0,0,0,0,0,0,0,0,0,0,0,0,0.742175727883742,0,0,0.556449953882868,0,10
0,0.90603519237383,0,0,0,0.0664448898864112,0,0,0,0,0,0,0,0,0,0,0,0,0,0,0,0,0,0,0,0.787316581586401,0,0,0.496677521301901,0,10
0,0.936561668800635,0,0,0,0.10407365971594,0,0,0,0,0,0,0,0,0,0,0,0,0,0,0,0,0,0,0,0.808934133694382,0,0,0.402081586314564,0,10
0,0.981168808816165,0,0,0,0.184615133098108,0,0,0,0,0,0,0,0,0,0,0,0,0,0,0,0,0,0,0,0.83897880111907,0,0,0.217056683227574,0,10
0,1.07294407370605,0,0,0,0.23836329371733,0,0,0,0,0,0,0,0,0,0,0,0,0,0,0,0,0,0,0,0.869007698071521,0,0,0.0322283170175882,0,10
0,1.17546455608265,0,0,0,0.197935405766327,0,0,0,0,0,0,0,0,0,0,0,0,0,0,0,0,0,0,0,0.980633410507623,0,0,0.00181714258174539,0,10
0,1.21112902818994,0,0,0,0.165593073683406,0,0,0,0,0,0,0,0,0,0,0,0,0,0,0,0,0,0,0,1.08313623551518,0,0,0.000353558759339175,0,10
0,1.18366166896575,0,0,0,0.133469350758417,0,0,0,0,0,0,0,0,0,0,0,0,0,0,0,0,0,0,0,1.18129826046622,0,0,0.000141742955918256,0,10
0,1.10107542461647,0,0,0,0.102404856056507,0,0,0,0,0,0,0,0,0,0,0,0,0,0,0,0,0,0,0,1.34859659828191,0,0,8.13069741168623e-05,0,10
0,1.05866621199198,0,0,0,0.0780313427957589,0,0,0,0,0,0,0,0,0,0,0,0,0,0,0,0,0,0,0,1.32872643105854,0,0,6.82614183530608e-05,0,10
0,1.0129421262979,0,0,0,0.062440836654971,0,0,0,0,0,0,0,0,0,0,0,0,0,0,0,0,0,0,0,1.34569369348774,0,0,6.44702862569932e-05,0,10
0,0.740846511802881,0,0,0,0.04267337948263,0,0,0,0,0,0,0,0,0,0,0,0,0,0,0,0,0,0,0,1.55377009693019,0,0,7.04009956890441e-05,0,10
0,0.437670968468451,0,0,0,0.02586239697571,0,0,0,0,0,0,0,0,0,0,0,0,0,0,0,0,0,0,0,1.6840811981496,0,0,9.91002794292162e-05,0,10
0,0.133927593926584,0,0,0,0.0128012260889097,0,0,0,0,0,0,0,0,0,0,0,0,0,0,0,0,0,0,0,1.58763945247446,0,0,0.000125489772529431,0,10
0,0.0140488049295963,0,0,0,0.003558852389585,0,0,0,0,0,0,0,0,0,0,0,0,0,0,0,0,0,0,0,1.42627132035235,0,0,0.000113460626156675,0,10
0,0.00313759812530133,0,0,0,0.00114178844042189,0,0,0,0,0,0,0,0,0,0,0,0,0,0,0,0,0,0,0,1.22327248381974,0,0,0.000101677610256867,0,10
0,0.00173973429939624,0,0,0,0.000510805660740331,0,0,0,0,0,0,0,0,0,0,0,0,0,0,0,0,0,0,0,0.969387670662273,0,0,0.000125796824515593,0,10
0,0.00124767068701448,0,0,0,0.000297431229165997,0,0,0,0,0,0,0,0,0,0,0,0,0,0,0,0,0,0,0,0.820006553002179,0,0,0.000143081170239108,0,10
0,0.00116267282923775,0,0,0,0.00016776868166737,0,0,0,0,0,0,0,0,0,0,0,0,0,0,0,0,0,0,0,0.713788942676506,0,0,0.000199321180532351,0,10
0,0.00130556770915856,0,0,0,0.000115270362811843,0,0,0,0,0,0,0,0,0,0,0,0,0,0,0,0,0,0,0,0.626176520761395,0,0,0.000277420158118816,0,10
0,0.00145756711500391,0,0,0,8.800004594159e-05,0,0,0,0,0,0,0,0,0,0,0,0,0,0,0,0,0,0,0,0.579193780760416,0,0,0.000358872590671751,0,10
0,0.00173320065344989,0,0,0,6.20065007248923e-05,0,0,0,0,0,0,0,0,0,0,0,0,0,0,0,0,0,0,0,0.536380249188647,0,0,0.000477368133477713,0,10
0,0.00187452353861264,0,0,0,4.74404596343484e-05,0,0,0,0,0,0,0,0,0,0,0,0,0,0,0,0,0,0,0,0.519020604530726,0,0,0.000666940379439789,0,10
0,0.00234402563844172,0,0,0,3.72092946392029e-05,0,0,0,0,0,0,0,0,0,0,0,0,0,0,0,0,0,0,0,0.46774521577112,0,0,0.00089068871680422,0,10
0,0.00281720908559192,0,0,0,2.78757362122883e-05,0,0,0,0,0,0,0,0,0,0,0,0,0,0,0,0,0,0,0,0.431054362467179,0,0,0.00124090910080191,0,10
0,0.00427787926362711,0,0,0,2.26360118705314e-05,0,0,0,0,0,0,0,0,0,0,0,0,0,0,0,0,0,0,0,0.373765971013252,0,0,0.00189645596096543,0,10
0,0.00617855483396689,0,0,0,1.87735643947895e-05,0,0,0,0,0,0,0,0,0,0,0,0,0,0,0,0,0,0,0,0.346472756533685,0,0,0.00294033280453816,0,10
0,0.00807861347054907,0,0,0,1.53119711413846e-05,0,0,0,0,0,0,0,0,0,0,0,0,0,0,0,0,0,0,0,0.322473005633561,0,0,0.0043228280845369,0,10
0,0.011088378676829,0,0,0,1.24717506593259e-05,0,0,0,0,0,0,0,0,0,0,0,0,0,0,0,0,0,0,0,0.289996192660692,0,0,0.00637490787694462,0,10
0,0.0164203103014798,0,0,0,1.08640500966332e-05,0,0,0,0,0,0,0,0,0,0,0,0,0,0,0,0,0,0,0,0.271056554629096,0,0,0.00918323095125866,0,10
0,0.0222862882465411,0,0,0,9.42042504959225e-06,0,0,0,0,0,0,0,0,0,0,0,0,0,0,0,0,0,0,0,0.266041052213105,0,0,0.013536869463067,0,10
0,0.0356678669062761,0,0,0,9.8364602440386e-06,0,0,0,0,0,0,0,0,0,0,0,0,0,0,0,0,0,0,0,0.236800306163787,0,0,0.02002889981224,0,10
0,0.0602621289841643,0,0,0,1.08933329642248e-05,0,0,0,0,0,0,0,0,0,0,0,0,0,0,0,0,0,0,0,0.219409757980926,0,0,0.0347652888045769,0,10
0,0.102428328784098,0,0,0,1.26893714787537e-05,0,0,0,0,0,0,0,0,0,0,0,0,0,0,0,0,0,0,0,0.199366270603239,0,0,0.0608606488301393,0,10
0,0.179392885999255,0,0,0,1.8293820222898e-05,0,0,0,0,0,0,0,0,0,0,0,0,0,0,0,0,0,0,0,0.193280826076767,0,0,0.119306260085177,0,10
0,0.321203250520042,0,0,0,2.44343709778938e-05,0,0,0,0,0,0,0,0,0,0,0,0,0,0,0,0,0,0,0,0.201112071852094,0,0,0.226282350957596,0,10
0,0.543436786352537,0,0,0,4.20318191823497e-05,0,0,0,0,0,0,0,0,0,0,0,0,0,0,0,0,0,0,0,0.222580823585558,0,0,0.347485899018254,0,10
0,0.781595055554392,0,0,0,7.19076339533838e-05,0,0,0,0,0,0,0,0,0,0,0,0,0,0,0,0,0,0,0,0.246896285684549,0,0,0.485267055146971,0,10
0,0.948823650320701,0,0,0,0.00010901284100226,0,0,0,0,0,0,0,0,0,0,0,0,0,0,0,0,0,0,0,0.286429204965608,0,0,0.55288269309585,0,10
0,1.0548155663444,0,0,0,0.0002217176284832,0,0,0,0,0,0,0,0,0,0,0,0,0,0,0,0,0,0,0,0.333028975925265,0,0,0.602359378158786,0,10
0,1.11181808100499,0,0,0,0.000376354666756571,0,0,0,0,0,0,0,0,0,0,0,0,0,0,0,0,0,0,0,0.376805143448043,0,0,0.59023819367155,0,10
0,1.12371614453059,0,0,0,0.000636587016089907,0,0,0,0,0,0,0,0,0,0,0,0,0,0,0,0,0,0,0,0.400697119311285,0,0,0.614590562127381,0,10
0,1.07376255992707,0,0,0,0.00111442007610917,0,0,0,0,0,0,0,0,0,0,0,0,0,0,0,0,0,0,0,0.41401292390906,0,0,0.679821790012287,0,10
0,1.07456670949231,0,0,0,0.00165647895020375,0,0,0,0,0,0,0,0,0,0,0,0,0,0,0,0,0,0,0,0.473778895081205,0,0,0.680960113538298,0,10
0,1.1044646321182,0,0,0,0.00256207715276986,0,0,0,0,0,0,0,0,0,0,0,0,0,0,0,0,0,0,0,0.471767245922616,0,0,0.665791832312692,0,10
0,1.05738991625044,0,0,0,0.00417694414500182,0,0,0,0,0,0,0,0,0,0,0,0,0,0,0,0,0,0,0,0.51196679598815,0,0,0.623269461440687,0,10
0,1.0636733289034,0,0,0,0.00735360225073496,0,0,0,0,0,0,0,0,0,0,0,0,0,0,0,0,0,0,0,0.532282879610058,0,0,0.655668451263826,0,10
0,0.984677784212047,0,0,0,0.0135735405874422,0,0,0,0,0,0,0,0,0,0,0,0,0,0,0,0,0,0,0,0.574521757842121,0,0,0.610022789235273,0,10
0,0.975403745697969,0,0,0,0.0197189449635475,0,0,0,0,0,0,0,0,0,0,0,0,0,0,0,0,0,0,0,0.672500979736477,0,0,0.582538219444673,0,10
0,0.932686612822826,0,0,0,0.0349138012913412,0,0,0,0,0,0,0,0,0,0,0,0,0,0,0,0,0,0,0,0.784418980892519,0,0,0.54642708541642,0,10
0,0.916212407267861,0,0,0,0.0574114630503214,0,0,0,0,0,0,0,0,0,0,0,0,0,0,0,0,0,0,0,0.836002643314678,0,0,0.484757396258353,0,10
0,0.909635441271085,0,0,0,0.0922961680028691,0,0,0,0,0,0,0,0,0,0,0,0,0,0,0,0,0,0,0,0.851012382697573,0,0,0.397235455087172,0,10
0,0.970253841674064,0,0,0,0.143589426953098,0,0,0,0,0,0,0,0,0,0,0,0,0,0,0,0,0,0,0,0.921706888832496,0,0,0.275294281544234,0,10
0,0.950692767896548,0,0,0,0.184293176846889,0,0,0,0,0,0,0,0,0,0,0,0,0,0,0,0,0,0,0,1.08835281427639,0,0,0.103907442074318,0,10
0,0.877490618869527,0,0,0,0.180525861877717,0,0,0,0,0,0,0,0,0,0,0,0,0,0,0,0,0,0,0,1.25914685401918,0,0,0.00980756856925444,0,10
0,0.719348447500589,0,0,0,0.13383522960669,0,0,0,0,0,0,0,0,0,0,0,0,0,0,0,0,0,0,0,1.40464098518957,0,0,0.00139682802557597,0,10
0,0.605396087200557,0,0,0,0.0992601047577034,0,0,0,0,0,0,0,0,0,0,0,0,0,0,0,0,0,0,0,1.33876697578719,0,0,0.000604714937492802,0,10
0,0.425979635452488,0,0,0,0.0608968489313426,0,0,0,0,0,0,0,0,0,0,0,0,0,0,0,0,0,0,0,1.41415095801833,0,0,0.000422580414035608,0,10
0,0.185654042389546,0,0,0,0.0346964311522431,0,0,0,0,0,0,0,0,0,0,0,0,0,0,0,0,0,0,0,1.42301468431091,0,0,0.000368453222853734,0,10
0,0.0261424732296464,0,0,0,0.01038036826612,0,0,0,0,0,0,0,0,0,0,0,0,0,0,0,0,0,0,0,1.3834084429771,0,0,0.000286114767640689,0,10
0,0.00474477546195101,0,0,0,0.00265084149422294,0,0,0,0,0,0,0,0,0,0,0,0,0,0,0,0,0,0,0,1.24160079288665,0,0,0.000210830918833226,0,10
0,0.00204523981976366,0,0,0,0.00104918152957347,0,0,0,0,0,0,0,0,0,0,0,0,0,0,0,0,0,0,0,1.05442832930992,0,0,0.000182669137781275,0,10
0,0.00131343355905117,0,0,0,0.000509338974470487,0,0,0,0,0,0,0,0,0,0,0,0,0,0,0,0,0,0,0,0.931920459091021,0,0,0.000193069830762187,0,10
0,0.00107698334871756,0,0,0,0.000297330939735511,0,0,0,0,0,0,0,0,0,0,0,0,0,0,0,0,0,0,0,0.787658264864062,0,0,0.000238629631516023,0,10
0,0.0010504156184276,0,0,0,0.000197293970873038,0,0,0,0,0,0,0,0,0,0,0,0,0,0,0,0,0,0,0,0.68841502678329,0,0,0.000295720389478178,0,10
0,0.00114984872870704,0,0,0,0.000126408596079526,0,0,0,0,0,0,0,0,0,0,0,0,0,0,0,0,0,0,0,0.609254619811802,0,0,0.000376511407164879,0,10
0,0.00148747988997447,0,0,0,8.25354625959685e-05,0,0,0,0,0,0,0,0,0,0,0,0,0,0,0,0,0,0,0,0.522598605731177,0,0,0.000548903061890515,0,10
0,0.00196813911509726,0,0,0,5.8499140247858e-05,0,0,0,0,0,0,0,0,0,0,0,0,0,0,0,0,0,0,0,0.44727617098635,0,0,0.000870842052063188,0,10
0,0.0027189380640744,0,0,0,4.35731032337389e-05,0,0,0,0,0,0,0,0,0,0,0,0,0,0,0,0,0,0,0,0.41082302316326,0,0,0.0014557678416811,0,10
0,0.00379696938521922,0,0,0,3.71255877787198e-05,0,0,0,0,0,0,0,0,0,0,0,0,0,0,0,0,0,0,0,0.341301989805595,0,0,0.00239558957404156,0,10
0,0.00558014909787593,0,0,0,3.23262133256889e-05,0,0,0,0,0,0,0,0,0,0,0,0,0,0,0,0,0,0,0,0.320624939221998,0,0,0.00367599376667323,0,10
0,0.00765628221489428,0,0,0,2.92972709033163e-05,0,0,0,0,0,0,0,0,0,0,0,0,0,0,0,0,0,0,0,0.290313548774675,0,0,0.00564444323876321,0,10
0,0.0115357503033431,0,0,0,2.58011329538373e-05,0,0,0,0,0,0,0,0,0,0,0,0,0,0,0,0,0,0,0,0.268051323876629,0,0,0.00971753130304973,0,10
0,0.0179300712187861,0,0,0,2.46439836435153e-05,0,0,0,0,0,0,0,0,0,0,0,0,0,0,0,0,0,0,0,0.266064614853647,0,0,0.0143636349654793,0,10
0,0.0302380466080966,0,0,0,2.67353852938018e-05,0,0,0,0,0,0,0,0,0,0,0,0,0,0,0,0,0,0,0,0.23098092197658,0,0,0.0213727464079509,0,10
0,0.050960669315118,0,0,0,2.74247596690282e-05,0,0,0,0,0,0,0,0,0,0,0,0,0,0,0,0,0,0,0,0.211488972601954,0,0,0.0380409048196432,0,10
0,0.0891422659468891,0,0,0,3.58288142775103e-05,0,0,0,0,0,0,0,0,0,0,0,0,0,0,0,0,0,0,0,0.200205847468339,0,0,0.0731631749760295,0,10
0,0.173071658969649,0,0,0,4.94407147846746e-05,0,0,0,0,0,0,0,0,0,0,0,0,0,0,0,0,0,0,0,0.201979726373145,0,0,0.128126069803305,0,10
0,0.294325512194665,0,0,0,6.80793077087082e-05,0,0,0,0,0,0,0,0,0,0,0,0,0,0,0,0,0,0,0,0.207975697963517,0,0,0.226132533693477,0,10
0,0.495906026472246,0,0,0,0.000125019621941073,0,0,0,0,0,0,0,0,0,0,0,0,0,0,0,0,0,0,0,0.226088126602673,0,0,0.405890309264562,0,10
0,0.72548453164912,0,0,0,0.00020393479450748,0,0,0,0,0,0,0,0,0,0,0,0,0,0,0,0,0,0,0,0.249975004527892,0,0,0.564580057359449,0,10
0,0.894674154859603,0,0,0,0.000343443435820955,0,0,0,0,0,0,0,0,0,0,0,0,0,0,0,0,0,0,0,0.285122129363993,0,0,0.657488712991446,0,10
0,0.957340004342803,0,0,0,0.000689724942697258,0,0,0,0,0,0,0,0,0,0,0,0,0,0,0,0,0,0,0,0.3276542494364,0,0,0.707696275668872,0,10
0,0.986409510345229,0,0,0,0.00117069002532871,0,0,0,0,0,0,0,0,0,0,0,0,0,0,0,0,0,0,0,0.327504713977767,0,0,0.714858487760964,0,10
0,1.02456861950737,0,0,0,0.00229360426124068,0,0,0,0,0,0,0,0,0,0,0,0,0,0,0,0,0,0,0,0.338175650359975,0,0,0.743069875270491,0,10
0,0.952789816080904,0,0,0,0.00432399147015235,0,0,0,0,0,0,0,0,0,0,0,0,0,0,0,0,0,0,0,0.405864880177192,0,0,0.767306267217091,0,10
0,0.958989702870718,0,0,0,0.00644057585852108,0,0,0,0,0,0,0,0,0,0,0,0,0,0,0,0,0,0,0,0.496199689828991,0,0,0.758512056093422,0,10
0,0.970652409881002,0,0,0,0.0108879696432608,0,0,0,0,0,0,0,0,0,0,0,0,0,0,0,0,0,0,0,0.574872074542719,0,0,0.700796157648304,0,10
0,0.925227331782343,0,0,0,0.0169653022138861,0,0,0,0,0,0,0,0,0,0,0,0,0,0,0,0,0,0,0,0.665381507411492,0,0,0.626757968773177,0,10
0,0.841337258848404,0,0,0,0.0295391860347374,0,0,0,0,0,0,0,0,0,0,0,0,0,0,0,0,0,0,0,0.70745948125472,0,0,0.655118861613768,0,10
0,0.844539833903836,0,0,0,0.0495058712300953,0,0,0,0,0,0,0,0,0,0,0,0,0,0,0,0,0,0,0,0.802545020211203,0,0,0.615606010187718,0,10
0,0.837015643564613,0,0,0,0.0776793607279709,0,0,0,0,0,0,0,0,0,0,0,0,0,0,0,0,0,0,0,0.817682801998935,0,0,0.534894724111755,0,10
0,0.857622183209821,0,0,0,0.122818148278937,0,0,0,0,0,0,0,0,0,0,0,0,0,0,0,0,0,0,0,0.891793072444624,0,0,0.410018395665637,0,10
0,0.929047545469214,0,0,0,0.166043961566972,0,0,0,0,0,0,0,0,0,0,0,0,0,0,0,0,0,0,0,0.928990874826316,0,0,0.271872189905194,0,10
0,0.94138162530054,0,0,0,0.223617839041954,0,0,0,0,0,0,0,0,0,0,0,0,0,0,0,0,0,0,0,1.01282198752802,0,0,0.0868577563607199,0,10
0,0.978497240796564,0,0,0,0.210901162647073,0,0,0,0,0,0,0,0,0,0,0,0,0,0,0,0,0,0,0,1.14199032930083,0,0,0.00396896759953727,0,10
0,0.88695665857978,0,0,0,0.154839839139573,0,0,0,0,0,0,0,0,0,0,0,0,0,0,0,0,0,0,0,1.38636152484234,0,0,0.000684080966550708,0,10
0,0.67674675596553,0,0,0,0.108794320551391,0,0,0,0,0,0,0,0,0,0,0,0,0,0,0,0,0,0,0,1.61839603083337,0,0,0.000274987909913867,0,10
0,0.325349523701429,0,0,0,0.0584741500598452,0,0,0,0,0,0,0,0,0,0,0,0,0,0,0,0,0,0,0,1.74642970078986,0,0,0.000225868930986452,0,10
0,0.0787746696271083,0,0,0,0.0228754418726185,0,0,0,0,0,0,0,0,0,0,0,0,0,0,0,0,0,0,0,1.54969518670717,0,0,0.000219185365480636,0,10
0,0.00829501318174123,0,0,0,0.00521382634430077,0,0,0,0,0,0,0,0,0,0,0,0,0,0,0,0,0,0,0,1.39551028397177,0,0,0.00016518169031666,0,10
0,0.00150807398333085,0,0,0,0.00135046417668583,0,0,0,0,0,0,0,0,0,0,0,0,0,0,0,0,0,0,0,1.36982103545545,0,0,0.000113763336172099,0,10
0,0.000700372928821758,0,0,0,0.000498135884947823,0,0,0,0,0,0,0,0,0,0,0,0,0,0,0,0,0,0,0,1.20647738356379,0,0,9.98494434683269e-05,0,10
0,0.000480817349365544,0,0,0,0.000240712239791563,0,0,0,0,0,0,0,0,0,0,0,0,0,0,0,0,0,0,0,1.04362275054583,0,0,0.000105945585901614,0,10
0,0.000414640271212752,0,0,0,0.000134245334705354,0,0,0,0,0,0,0,0,0,0,0,0,0,0,0,0,0,0,0,0.938483274207926,0,0,0.000124776588819681,0,10
0,0.0003465664134884,0,0,0,7.73049405754937e-05,0,0,0,0,0,0,0,0,0,0,0,0,0,0,0,0,0,0,0,0.872293039724247,0,0,0.000138112471091817,0,10
0,0.000392571877340835,0,0,0,5.08308363618146e-05,0,0,0,0,0,0,0,0,0,0,0,0,0,0,0,0,0,0,0,0.723551455528576,0,0,0.000185796185904511,0,10
0,0.00043928857660561,0,0,0,3.66316643908295e-05,0,0,0,0,0,0,0,0,0,0,0,0,0,0,0,0,0,0,0,0.679040003579009,0,0,0.000228499015479377,0,10
0,0.000511852822206982,0,0,0,2.63872447438093e-05,0,0,0,0,0,0,0,0,0,0,0,0,0,0,0,0,0,0,0,0.621880875592331,0,0,0.000314883983109286,0,10
0,0.000612389332108516,0,0,0,2.08946122548465e-05,0,0,0,0,0,0,0,0,0,0,0,0,0,0,0,0,0,0,0,0.579314737394469,0,0,0.00040043985499991,0,10
0,0.000773837088150742,0,0,0,1.68178252405703e-05,0,0,0,0,0,0,0,0,0,0,0,0,0,0,0,0,0,0,0,0.533307611476968,0,0,0.000563051651994576,0,10
0,0.0010937853045628,0,0,0,1.35979693492339e-05,0,0,0,0,0,0,0,0,0,0,0,0,0,0,0,0,0,0,0,0.442093376376154,0,0,0.000881819304684251,0,10
0,0.00177616151011259,0,0,0,1.10606688602627e-05,0,0,0,0,0,0,0,0,0,0,0,0,0,0,0,0,0,0,0,0.358140755498104,0,0,0.00140222856894179,0,10
0,0.0027879916487239,0,0,0,8.83393126935329e-06,0,0,0,0,0,0,0,0,0,0,0,0,0,0,0,0,0,0,0,0.321188951130537,0,0,0.00219316907609844,0,10
0,0.0050867441447437,0,0,0,7.81553693209114e-06,0,0,0,0,0,0,0,0,0,0,0,0,0,0,0,0,0,0,0,0.263715540645819,0,0,0.00349558949049192,0,10
0,0.00797581236118477,0,0,0,6.66647125965471e-06,0,0,0,0,0,0,0,0,0,0,0,0,0,0,0,0,0,0,0,0.230780342485435,0,0,0.00561906937718499,0,10
0,0.0138664078300804,0,0,0,6.37711761221504e-06,0,0,0,0,0,0,0,0,0,0,0,0,0,0,0,0,0,0,0,0.21004662587903,0,0,0.00932217583105305,0,10
0,0.0228910852974188,0,0,0,5.81561269741997e-06,0,0,0,0,0,0,0,0,0,0,0,0,0,0,0,0,0,0,0,0.183010649173845,0,0,0.0173827575129034,0,10
0,0.0405185189805046,0,0,0,6.49385168849098e-06,0,0,0,0,0,0,0,0,0,0,0,0,0,0,0,0,0,0,0,0.174432694240834,0,0,0.0306681816413032,0,10
0,0.0766504415698618,0,0,0,8.13954656072097e-06,0,0,0,0,0,0,0,0,0,0,0,0,0,0,0,0,0,0,0,0.169550225442361,0,0,0.0572785736975445,0,10
0,0.148862907214215,0,0,0,1.22735702608763e-05,0,0,0,0,0,0,0,0,0,0,0,0,0,0,0,0,0,0,0,0.170408970295971,0,0,0.113941183091468,0,10
0,0.264749006619563,0,0,0,1.94215092398806e-05,0,0,0,0,0,0,0,0,0,0,0,0,0,0,0,0,0,0,0,0.177788484178851,0,0,0.210884646340853,0,10
0,0.471500611325027,0,0,0,3.51219627483289e-05,0,0,0,0,0,0,0,0,0,0,0,0,0,0,0,0,0,0,0,0.183717323751002,0,0,0.38630008463582,0,10
0,0.663313225250769,0,0,0,6.6207105135738e-05,0,0,0,0,0,0,0,0,0,0,0,0,0,0,0,0,0,0,0,0.21456551902956,0,0,0.588066983162311,0,10
0,0.845199663929859,0,0,0,0.000116118762745894,0,0,0,0,0,0,0,0,0,0,0,0,0,0,0,0,0,0,0,0.239098209431336,0,0,0.714435083048979,0,10
0,0.913455449721133,0,0,0,0.000188743964044869,0,0,0,0,0,0,0,0,0,0,0,0,0,0,0,0,0,0,0,0.285206426583564,0,0,0.743856438726348,0,10
0,0.983801853616999,0,0,0,0.000381412023310427,0,0,0,0,0,0,0,0,0,0,0,0,0,0,0,0,0,0,0,0.325564065858725,0,0,0.754199933016722,0,10
0,0.960009661859861,0,0,0,0.000668352978166639,0,0,0,0,0,0,0,0,0,0,0,0,0,0,0,0,0,0,0,0.391797649154729,0,0,0.76339877252342,0,10
0,0.943411413937596,0,0,0,0.0011525150128957,0,0,0,0,0,0,0,0,0,0,0,0,0,0,0,0,0,0,0,0.423045130654169,0,0,0.794554473188048,0,10
0,0.936384139787574,0,0,0,0.00178628565084264,0,0,0,0,0,0,0,0,0,0,0,0,0,0,0,0,0,0,0,0.497509371355688,0,0,0.765944335016353,0,10
0,0.927464325625116,0,0,0,0.00267284715079274,0,0,0,0,0,0,0,0,0,0,0,0,0,0,0,0,0,0,0,0.555783772281957,0,0,0.725196755773422,0,10
0,0.959736076257615,0,0,0,0.00405792017747175,0,0,0,0,0,0,0,0,0,0,0,0,0,0,0,0,0,0,0,0.585311169161936,0,0,0.686682319324291,0,10
0,0.910132611886648,0,0,0,0.00735460969287067,0,0,0,0,0,0,0,0,0,0,0,0,0,0,0,0,0,0,0,0.665802659959422,0,0,0.69455726856316,0,10
0,0.788768686578429,0,0,0,0.0110888353152652,0,0,0,0,0,0,0,0,0,0,0,0,0,0,0,0,0,0,0,0.782841021250057,0,0,0.718934414003774,0,10
0,0.765431103983775,0,0,0,0.016255888448615,0,0,0,0,0,0,0,0,0,0,0,0,0,0,0,0,0,0,0,0.976336465905102,0,0,0.631931495744101,0,10
0,0.741251466964198,0,0,0,0.028974685859786,0,0,0,0,0,0,0,0,0,0,0,0,0,0,0,0,0,0,0,1.04010686344525,0,0,0.601899574519639,0,10
0,0.656053095426339,0,0,0,0.0419573686366995,0,0,0,0,0,0,0,0,0,0,0,0,0,0,0,0,0,0,0,1.05428229680516,0,0,0.585727354066979,0,10
0,0.636227950144662,0,0,0,0.0754008902059778,0,0,0,0,0,0,0,0,0,0,0,0,0,0,0,0,0,0,0,1.17771730193406,0,0,0.459809542101961,0,10
0,0.562835107020916,0,0,0,0.114719575696406,0,0,0,0,0,0,0,0,0,0,0,0,0,0,0,0,0,0,0,1.30418893446026,0,0,0.296133891150948,0,10
0,0.374406639211161,0,0,0,0.139966387491565,0,0,0,0,0,0,0,0,0,0,0,0,0,0,0,0,0,0,0,1.50883082604504,0,0,0.0943384899962646,0,10
0,0.169753666680821,0,0,0,0.0765204182415187,0,0,0,0,0,0,0,0,0,0,0,0,0,0,0,0,0,0,0,1.52970317628666,0,0,0.0180588481864307,0,10
0,0.0313033076471376,0,0,0,0.0200693483700534,0,0,0,0,0,0,0,0,0,0,0,0,0,0,0,0,0,0,0,1.40177684156271,0,0,0.00468280369193772,0,10
0,0.00495891124178682,0,0,0,0.00449795358654022,0,0,0,0,0,0,0,0,0,0,0,0,0,0,0,0,0,0,0,1.27032779809401,0,0,0.00150154894671894,0,10
0,0.00256181137271101,0,0,0,0.00187604713699675,0,0,0,0,0,0,0,0,0,0,0,0,0,0,0,0,0,0,0,0.979292682037753,0,0,0.00104157689660522,0,10
0,0.00199273615430173,0,0,0,0.00103243749777612,0,0,0,0,0,0,0,0,0,0,0,0,0,0,0,0,0,0,0,0.782027032687761,0,0,0.00105591836647464,0,10
0,0.00190689992134619,0,0,0,0.000579248907507562,0,0,0,0,0,0,0,0,0,0,0,0,0,0,0,0,0,0,0,0.675955608130961,0,0,0.00110245929882458,0,10
0,0.00211603622922851,0,0,0,0.000388914930366661,0,0,0,0,0,0,0,0,0,0,0,0,0,0,0,0,0,0,0,0.575085507509418,0,0,0.00134857079635864,0,10
0,0.00250676384037234,0,0,0,0.000284882010108176,0,0,0,0,0,0,0,0,0,0,0,0,0,0,0,0,0,0,0,0.485111911511785,0,0,0.00171492274143666,0,10
0,0.0031591763344882,0,0,0,0.000218891579823297,0,0,0,0,0,0,0,0,0,0,0,0,0,0,0,0,0,0,0,0.430027936822855,0,0,0.0022347763640162,0,10
0,0.00424195933849553,0,0,0,0.000185227863385764,0,0,0,0,0,0,0,0,0,0,0,0,0,0,0,0,0,0,0,0.36386443343341,0,0,0.00329084489405729,0,10
0,0.00627257616614255,0,0,0,0.000149762238466616,0,0,0,0,0,0,0,0,0,0,0,0,0,0,0,0,0,0,0,0.291375679356589,0,0,0.00547346147001828,0,10
0,0.00888266279424254,0,0,0,0.000134223804942613,0,0,0,0,0,0,0,0,0,0,0,0,0,0,0,0,0,0,0,0.25945754854721,0,0,0.0079422363588621,0,10
0,0.0146726327466983,0,0,0,0.000117956452733341,0,0,0,0,0,0,0,0,0,0,0,0,0,0,0,0,0,0,0,0.222440879407939,0,0,0.0126705349085968,0,10
0,0.0242193630809873,0,0,0,0.000100710043349621,0,0,0,0,0,0,0,0,0,0,0,0,0,0,0,0,0,0,0,0.221099354476295,0,0,0.0220215291572736,0,10
0,0.042607404338402,0,0,0,9.98526139024246e-05,0,0,0,0,0,0,0,0,0,0,0,0,0,0,0,0,0,0,0,0.190313727182933,0,0,0.0421602568362255,0,10
0,0.071869496465678,0,0,0,0.00011646580255711,0,0,0,0,0,0,0,0,0,0,0,0,0,0,0,0,0,0,0,0.199785927089363,0,0,0.0733812041260984,0,10
0,0.128085809265787,0,0,0,0.000153508160650565,0,0,0,0,0,0,0,0,0,0,0,0,0,0,0,0,0,0,0,0.20789158851358,0,0,0.123722662035857,0,10
0,0.228412054487426,0,0,0,0.000226978290092347,0,0,0,0,0,0,0,0,0,0,0,0,0,0,0,0,0,0,0,0.219177766900959,0,0,0.220774004156768,0,10
0,0.38701812105424,0,0,0,0.000362012867788067,0,0,0,0,0,0,0,0,0,0,0,0,0,0,0,0,0,0,0,0.231498766406325,0,0,0.390797575056373,0,10
0,0.552520331860632,0,0,0,0.000633484359127047,0,0,0,0,0,0,0,0,0,0,0,0,0,0,0,0,0,0,0,0.238948446001231,0,0,0.612985853510279,0,10
0,0.685448900748914,0,0,0,0.00133236206862766,0,0,0,0,0,0,0,0,0,0,0,0,0,0,0,0,0,0,0,0.270990107300059,0,0,0.759469728483056,0,10
0,0.777735679951273,0,0,0,0.00229446516394594,0,0,0,0,0,0,0,0,0,0,0,0,0,0,0,0,0,0,0,0.298004208241942,0,0,0.795657217324611,0,10
0,0.793871670006474,0,0,0,0.00474223777175193,0,0,0,0,0,0,0,0,0,0,0,0,0,0,0,0,0,0,0,0.322044073347559,0,0,0.893632447245376,0,10
0,0.86743060675216,0,0,0,0.00940750041181574,0,0,0,0,0,0,0,0,0,0,0,0,0,0,0,0,0,0,0,0.372990727445057,0,0,0.903281645473746,0,10
0,0.939635868236861,0,0,0,0.0168113101629065,0,0,0,0,0,0,0,0,0,0,0,0,0,0,0,0,0,0,0,0.425547944580086,0,0,0.859678753339975,0,10
0,0.885729376147518,0,0,0,0.0267355013291353,0,0,0,0,0,0,0,0,0,0,0,0,0,0,0,0,0,0,0,0.541113303230332,0,0,0.81569298343608,0,10
0,0.804281231566956,0,0,0,0.0423075686590274,0,0,0,0,0,0,0,0,0,0,0,0,0,0,0,0,0,0,0,0.660422078963823,0,0,0.720937822129727,0,10
0,0.813045901181773,0,0,0,0.0621329601348327,0,0,0,0,0,0,0,0,0,0,0,0,0,0,0,0,0,0,0,0.802016096522295,0,0,0.65489535353008,0,10
0,0.770341804056512,0,0,0,0.0929654536579032,0,0,0,0,0,0,0,0,0,0,0,0,0,0,0,0,0,0,0,0.915389708198184,0,0,0.570388040826585,0,10
0,0.832968027421679,0,0,0,0.150248361705403,0,0,0,0,0,0,0,0,0,0,0,0,0,0,0,0,0,0,0,1.06302608477044,0,0,0.36217145964165,0,10
0,0.828518330588145,0,0,0,0.194548323897127,0,0,0,0,0,0,0,0,0,0,0,0,0,0,0,0,0,0,0,1.0814266449773,0,0,0.180912552874708,0,10
0,0.851216807154056,0,0,0,0.219988421023708,0,0,0,0,0,0,0,0,0,0,0,0,0,0,0,0,0,0,0,1.15937938913426,0,0,0.0160789609331998,0,10
0,0.802915362335292,0,0,0,0.158340219050899,0,0,0,0,0,0,0,0,0,0,0,0,0,0,0,0,0,0,0,1.29256443450009,0,0,0.00166997386250472,0,10
0,0.683424907712428,0,0,0,0.108948271154998,0,0,0,0,0,0,0,0,0,0,0,0,0,0,0,0,0,0,0,1.43659220783378,0,0,0.000613016375820393,0,10
0,0.415104015708595,0,0,0,0.0645203440100746,0,0,0,0,0,0,0,0,0,0,0,0,0,0,0,0,0,0,0,1.59388419248644,0,0,0.000407711156298308,0,10
0,0.113893507220902,0,0,0,0.0255786488418203,0,0,0,0,0,0,0,0,0,0,0,0,0,0,0,0,0,0,0,1.63157022732477,0,0,0.000335275719184811,0,10
0,0.0110811514499173,0,0,0,0.00564016006795761,0,0,0,0,0,0,0,0,0,0,0,0,0,0,0,0,0,0,0,1.45683748399185,0,0,0.000232229885420041,0,10
0,0.00200040385011148,0,0,0,0.00142662395300785,0,0,0,0,0,0,0,0,0,0,0,0,0,0,0,0,0,0,0,1.36301833900314,0,0,0.000150610678708471,0,10
0,0.000856046160008574,0,0,0,0.000534899790986898,0,0,0,0,0,0,0,0,0,0,0,0,0,0,0,0,0,0,0,1.18172716465442,0,0,0.000131783468458555,0,10
0,0.000413901134389444,0,0,0,0.00023763028553222,0,0,0,0,0,0,0,0,0,0,0,0,0,0,0,0,0,0,0,1.163368860272,0,0,0.000112268195821948,0,10
0,0.000327296436273153,0,0,0,0.000123576496654108,0,0,0,0,0,0,0,0,0,0,0,0,0,0,0,0,0,0,0,1.00344882484855,0,0,0.000110131672782368,0,10
0,0.000300452551530033,0,0,0,7.5387920578964e-05,0,0,0,0,0,0,0,0,0,0,0,0,0,0,0,0,0,0,0,0.917920319909971,0,0,0.000123923803307174,0,10
0,0.000314806850100873,0,0,0,4.49194463478115e-05,0,0,0,0,0,0,0,0,0,0,0,0,0,0,0,0,0,0,0,0.847867732835207,0,0,0.0001555933357847,0,10
0,0.000372237932623901,0,0,0,3.40898922681167e-05,0,0,0,0,0,0,0,0,0,0,0,0,0,0,0,0,0,0,0,0.690628120186439,0,0,0.000209109632019957,0,10
0,0.000530686433680631,0,0,0,2.40637383915276e-05,0,0,0,0,0,0,0,0,0,0,0,0,0,0,0,0,0,0,0,0.566547412204123,0,0,0.000331646916125906,0,10
0,0.000721852012456341,0,0,0,1.80667674666107e-05,0,0,0,0,0,0,0,0,0,0,0,0,0,0,0,0,0,0,0,0.477260350409982,0,0,0.000508795309346741,0,10
0,0.00110027760762426,0,0,0,1.37482987927999e-05,0,0,0,0,0,0,0,0,0,0,0,0,0,0,0,0,0,0,0,0.420617535104653,0,0,0.000796681094120933,0,10
0,0.00179548630734961,0,0,0,1.12552370409422e-05,0,0,0,0,0,0,0,0,0,0,0,0,0,0,0,0,0,0,0,0.36952997996486,0,0,0.00126289372087714,0,10
0,0.00269431718722043,0,0,0,9.53871217868256e-06,0,0,0,0,0,0,0,0,0,0,0,0,0,0,0,0,0,0,0,0.329642964204587,0,0,0.00203533760731127,0,10
0,0.00391276715099402,0,0,0,8.52020288345658e-06,0,0,0,0,0,0,0,0,0,0,0,0,0,0,0,0,0,0,0,0.308468529684741,0,0,0.00318368491803403,0,10
0,0.00551216026823174,0,0,0,7.04927740404841e-06,0,0,0,0,0,0,0,0,0,0,0,0,0,0,0,0,0,0,0,0.28248292568147,0,0,0.00505511122779728,0,10
0,0.00945647728139814,0,0,0,5.94335518930939e-06,0,0,0,0,0,0,0,0,0,0,0,0,0,0,0,0,0,0,0,0.263023850218439,0,0,0.00820099948126679,0,10
0,0.0146053546311582,0,0,0,5.45859641404881e-06,0,0,0,0,0,0,0,0,0,0,0,0,0,0,0,0,0,0,0,0.229526743140426,0,0,0.0140560181046017,0,10
0,0.0237111214208606,0,0,0,5.85326475341565e-06,0,0,0,0,0,0,0,0,0,0,0,0,0,0,0,0,0,0,0,0.207774528437584,0,0,0.0229022535447786,0,10
0,0.041725725349569,0,0,0,6.18897107377203e-06,0,0,0,0,0,0,0,0,0,0,0,0,0,0,0,0,0,0,0,0.20183270712287,0,0,0.0382696287583362,0,10
0,0.0682630337757852,0,0,0,7.45330784150957e-06,0,0,0,0,0,0,0,0,0,0,0,0,0,0,0,0,0,0,0,0.201631829121558,0,0,0.0665893106118285,0,10
0,0.118722763663897,0,0,0,1.09329543809791e-05,0,0,0,0,0,0,0,0,0,0,0,0,0,0,0,0,0,0,0,0.1880232698511,0,0,0.128642703000538,0,10
0,0.197890287211379,0,0,0,1.54508683426199e-05,0,0,0,0,0,0,0,0,0,0,0,0,0,0,0,0,0,0,0,0.21247415548644,0,0,0.224288573301851,0,10
0,0.354693299239277,0,0,0,2.56678346055066e-05,0,0,0,0,0,0,0,0,0,0,0,0,0,0,0,0,0,0,0,0.238199288704026,0,0,0.360752359042703,0,10
0,0.525874391275048,0,0,0,4.59161975058795e-05,0,0,0,0,0,0,0,0,0,0,0,0,0,0,0,0,0,0,0,0.245806889681706,0,0,0.530521552206732,0,10
0,0.625648952660103,0,0,0,7.13411801664054e-05,0,0,0,0,0,0,0,0,0,0,0,0,0,0,0,0,0,0,0,0.266649783555152,0,0,0.710651789470925,0,10
0,0.712800266704098,0,0,0,0.000127575558327888,0,0,0,0,0,0,0,0,0,0,0,0,0,0,0,0,0,0,0,0.303637870358245,0,0,0.792881109181106,0,10
0,0.791993253287208,0,0,0,0.000207015736211094,0,0,0,0,0,0,0,0,0,0,0,0,0,0,0,0,0,0,0,0.328877725532213,0,0,0.830030463705536,0,10
0,0.841360649100411,0,0,0,0.000376740782000509,0,0,0,0,0,0,0,0,0,0,0,0,0,0,0,0,0,0,0,0.387487827722295,0,0,0.835927846375407,0,10
0,0.896140629444916,0,0,0,0.000547315258272879,0,0,0,0,0,0,0,0,0,0,0,0,0,0,0,0,0,0,0,0.4282699387671,0,0,0.863330247708001,0,10
0,0.964872833446334,0,0,0,0.00109170658199306,0,0,0,0,0,0,0,0,0,0,0,0,0,0,0,0,0,0,0,0.519211817512452,0,0,0.824116776326053,0,10
0,0.930592728293874,0,0,0,0.00198348387123996,0,0,0,0,0,0,0,0,0,0,0,0,0,0,0,0,0,0,0,0.561638079286756,0,0,0.74810783885166,0,10
0,0.869538270467405,0,0,0,0.00371506672675966,0,0,0,0,0,0,0,0,0,0,0,0,0,0,0,0,0,0,0,0.567077997842662,0,0,0.716819392223828,0,10
0,0.914087326557353,0,0,0,0.00537880043699315,0,0,0,0,0,0,0,0,0,0,0,0,0,0,0,0,0,0,0,0.640933178619318,0,0,0.634204401207883,0,10
0,0.915350249720558,0,0,0,0.008867229048344,0,0,0,0,0,0,0,0,0,0,0,0,0,0,0,0,0,0,0,0.704036940840434,0,0,0.656289554862683,0,10
0,0.882203059425869,0,0,0,0.0143942935815063,0,0,0,0,0,0,0,0,0,0,0,0,0,0,0,0,0,0,0,0.789581923798426,0,0,0.646064618563278,0,10
0,0.776203628013372,0,0,0,0.0232105645439374,0,0,0,0,0,0,0,0,0,0,0,0,0,0,0,0,0,0,0,0.885199840189562,0,0,0.619001232178254,0,10
0,0.756329564949455,0,0,0,0.0403069889837602,0,0,0,0,0,0,0,0,0,0,0,0,0,0,0,0,0,0,0,0.958068108945768,0,0,0.559504977693292,0,10
0,0.665220155037416,0,0,0,0.0682160223813445,0,0,0,0,0,0,0,0,0,0,0,0,0,0,0,0,0,0,0,1.06531985011523,0,0,0.416818802659976,0,10
0,0.677036318280602,0,0,0,0.101286595970747,0,0,0,0,0,0,0,0,0,0,0,0,0,0,0,0,0,0,0,1.11727586184823,0,0,0.361812012304186,0,10
0,0.611860287652626,0,0,0,0.144451103250115,0,0,0,0,0,0,0,0,0,0,0,0,0,0,0,0,0,0,0,1.3610521715849,0,0,0.180682017858878,0,10
0,0.406133581753109,0,0,0,0.133418275957785,0,0,0,0,0,0,0,0,0,0,0,0,0,0,0,0,0,0,0,1.62544712014447,0,0,0.0317124569231251,0,10
0,0.174821554328336,0,0,0,0.0638197652995216,0,0,0,0,0,0,0,0,0,0,0,0,0,0,0,0,0,0,0,1.62291495323038,0,0,0.00642265065496384,0,10
0,0.0180121854944221,0,0,0,0.0131169568053927,0,0,0,0,0,0,0,0,0,0,0,0,0,0,0,0,0,0,0,1.55568427488973,0,0,0.00173629577514698,0,10
0,0.00391292113451415,0,0,0,0.00330342007419119,0,0,0,0,0,0,0,0,0,0,0,0,0,0,0,0,0,0,0,1.26812669598743,0,0,0.000833374464260947,0,10
0,0.00115806907423476,0,0,0,0.0010226857166573,0,0,0,0,0,0,0,0,0,0,0,0,0,0,0,0,0,0,0,1.24496193718328,0,0,0.000376634505927293,0,10
0,0.000605034245993252,0,0,0,0.00041718341845231,0,0,0,0,0,0,0,0,0,0,0,0,0,0,0,0,0,0,0,1.11914958117745,0,0,0.000289334950301834,0,10
0,0.000533429203433542,0,0,0,0.000211482142280961,0,0,0,0,0,0,0,0,0,0,0,0,0,0,0,0,0,0,0,0.939391546172244,0,0,0.000261826122969143,0,10
0,0.000449675967748507,0,0,0,0.000122018613221732,0,0,0,0,0,0,0,0,0,0,0,0,0,0,0,0,0,0,0,0.862777100372185,0,0,0.000244872327733,0,10
0,0.00041637306043351,0,0,0,7.64858650069527e-05,0,0,0,0,0,0,0,0,0,0,0,0,0,0,0,0,0,0,0,0.815552564967534,0,0,0.000274932090221095,0,10
0,0.000448430763793094,0,0,0,5.53055294846374e-05,0,0,0,0,0,0,0,0,0,0,0,0,0,0,0,0,0,0,0,0.721606029995872,0,0,0.000330539050564099,0,10
0,0.000573538258020305,0,0,0,3.46020121793662e-05,0,0,0,0,0,0,0,0,0,0,0,0,0,0,0,0,0,0,0,0.632874550975184,0,0,0.000419136487627471,0,10
0,0.000721015664158815,0,0,0,2.72772534582029e-05,0,0,0,0,0,0,0,0,0,0,0,0,0,0,0,0,0,0,0,0.561381183615687,0,0,0.00057995840705297,0,10
0,0.000972066045710457,0,0,0,2.23974607338099e-05,0,0,0,0,0,0,0,0,0,0,0,0,0,0,0,0,0,0,0,0.481475389009292,0,0,0.000858959981761576,0,10
0,0.00138043790067018,0,0,0,1.78569500145705e-05,0,0,0,0,0,0,0,0,0,0,0,0,0,0,0,0,0,0,0,0.435983120010134,0,0,0.00113014330591382,0,10
0,0.00209738598510372,0,0,0,1.42730119030769e-05,0,0,0,0,0,0,0,0,0,0,0,0,0,0,0,0,0,0,0,0.384600181330162,0,0,0.00163406140682602,0,10
0,0.00298750276310254,0,0,0,1.32033248689373e-05,0,0,0,0,0,0,0,0,0,0,0,0,0,0,0,0,0,0,0,0.334028142974235,0,0,0.0024625876544632,0,10
0,0.00476207040889353,0,0,0,1.10340839049391e-05,0,0,0,0,0,0,0,0,0,0,0,0,0,0,0,0,0,0,0,0.290075592626408,0,0,0.0042289005019978,0,10
0,0.00837140261001671,0,0,0,1.03871800996744e-05,0,0,0,0,0,0,0,0,0,0,0,0,0,0,0,0,0,0,0,0.226631812642602,0,0,0.0074675847991821,0,10
0,0.0128831751555432,0,0,0,9.20971578618294e-06,0,0,0,0,0,0,0,0,0,0,0,0,0,0,0,0,0,0,0,0.223107767311191,0,0,0.0115687579204632,0,10
0,0.0232634999395566,0,0,0,9.26946870587572e-06,0,0,0,0,0,0,0,0,0,0,0,0,0,0,0,0,0,0,0,0.197702240125839,0,0,0.019978820313462,0,10
0,0.034608175893502,0,0,0,9.81347407544426e-06,0,0,0,0,0,0,0,0,0,0,0,0,0,0,0,0,0,0,0,0.206722459417521,0,0,0.0318652243433723,0,10
0,0.0570390217188319,0,0,0,1.19182060665537e-05,0,0,0,0,0,0,0,0,0,0,0,0,0,0,0,0,0,0,0,0.213981809459739,0,0,0.0503449472900785,0,10
0,0.101600124469503,0,0,0,1.66521758530324e-05,0,0,0,0,0,0,0,0,0,0,0,0,0,0,0,0,0,0,0,0.204481059846754,0,0,0.0830058640295702,0,10
0,0.190881871982033,0,0,0,2.25765139141003e-05,0,0,0,0,0,0,0,0,0,0,0,0,0,0,0,0,0,0,0,0.206199605671858,0,0,0.151115810456434,0,10
0,0.348056304847038,0,0,0,3.19709352210558e-05,0,0,0,0,0,0,0,0,0,0,0,0,0,0,0,0,0,0,0,0.204372602874267,0,0,0.280305592928091,0,10
0,0.580615880862526,0,0,0,5.4502110359478e-05,0,0,0,0,0,0,0,0,0,0,0,0,0,0,0,0,0,0,0,0.22057034252967,0,0,0.436778387289536,0,10
0,0.736107430104111,0,0,0,9.57705169884765e-05,0,0,0,0,0,0,0,0,0,0,0,0,0,0,0,0,0,0,0,0.260060546092963,0,0,0.598379657861737,0,10
0,0.802272258094502,0,0,0,0.000179702388128511,0,0,0,0,0,0,0,0,0,0,0,0,0,0,0,0,0,0,0,0.296495080926086,0,0,0.688387740755754,0,10
0,0.8762536400867,0,0,0,0.000345753925578025,0,0,0,0,0,0,0,0,0,0,0,0,0,0,0,0,0,0,0,0.335631873371341,0,0,0.819760159919796,0,10
0,0.956065547748909,0,0,0,0.000550921589736677,0,0,0,0,0,0,0,0,0,0,0,0,0,0,0,0,0,0,0,0.419231527717272,0,0,0.786121208247871,0,10
0,0.922878289928401,0,0,0,0.000983478410231066,0,0,0,0,0,0,0,0,0,0,0,0,0,0,0,0,0,0,0,0.519593062779485,0,0,0.7612449370994,0,10
0,0.876566331397829,0,0,0,0.00169722714374549,0,0,0,0,0,0,0,0,0,0,0,0,0,0,0,0,0,0,0,0.580385639073539,0,0,0.763626374235619,0,10
0,0.87810090703414,0,0,0,0.00291416907657481,0,0,0,0,0,0,0,0,0,0,0,0,0,0,0,0,0,0,0,0.605818347671329,0,0,0.762628851019975,0,10
0,0.859917982382589,0,0,0,0.00489264894009179,0,0,0,0,0,0,0,0,0,0,0,0,0,0,0,0,0,0,0,0.616369118415692,0,0,0.703278748916887,0,10
0,0.865365804766402,0,0,0,0.00892722133993448,0,0,0,0,0,0,0,0,0,0,0,0,0,0,0,0,0,0,0,0.632667085129595,0,0,0.667882736314788,0,10
0,0.867058620142021,0,0,0,0.0148157225534628,0,0,0,0,0,0,0,0,0,0,0,0,0,0,0,0,0,0,0,0.705480832059724,0,0,0.673877959991852,0,10
0,0.794763010984518,0,0,0,0.0240929236300317,0,0,0,0,0,0,0,0,0,0,0,0,0,0,0,0,0,0,0,0.859053523931066,0,0,0.634760675792329,0,10
0,0.765224170600294,0,0,0,0.04458581402951,0,0,0,0,0,0,0,0,0,0,0,0,0,0,0,0,0,0,0,1.00999185819077,0,0,0.574305636194636,0,10
0,0.65767652005378,0,0,0,0.0676080245255396,0,0,0,0,0,0,0,0,0,0,0,0,0,0,0,0,0,0,0,1.17814593833994,0,0,0.488546013757857,0,10
0,0.564687644096205,0,0,0,0.100929574301816,0,0,0,0,0,0,0,0,0,0,0,0,0,0,0,0,0,0,0,1.22815978329603,0,0,0.354692623826039,0,10
0,0.433447952156305,0,0,0,0.124603546748286,0,0,0,0,0,0,0,0,0,0,0,0,0,0,0,0,0,0,0,1.3885690089174,0,0,0.180253458184478,0,10
0,0.214306397604996,0,0,0,0.0990291860093166,0,0,0,0,0,0,0,0,0,0,0,0,0,0,0,0,0,0,0,1.58584705741996,0,0,0.0374639848493244,0,10
0,0.0311623971511079,0,0,0,0.0245603791807704,0,0,0,0,0,0,0,0,0,0,0,0,0,0,0,0,0,0,0,1.6166991845977,0,0,0.00550953607237937,0,10
0,0.0035180694283523,0,0,0,0.00389131099130135,0,0,0,0,0,0,0,0,0,0,0,0,0,0,0,0,0,0,0,1.51541425952499,0,0,0.00114744083239433,0,10
0,0.000964732676570911,0,0,0,0.000995016747051024,0,0,0,0,0,0,0,0,0,0,0,0,0,0,0,0,0,0,0,1.39847706014303,0,0,0.00045406879274433,0,10
0,0.000385855626259599,0,0,0,0.00035814186983731,0,0,0,0,0,0,0,0,0,0,0,0,0,0,0,0,0,0,0,1.38663662320257,0,0,0.000223989438642953,0,10
0,0.000230093750299127,0,0,0,0.000153430585902575,0,0,0,0,0,0,0,0,0,0,0,0,0,0,0,0,0,0,0,1.27730782153166,0,0,0.000150306695834035,0,10
0,0.000152542445454424,0,0,0,7.97897563584723e-05,0,0,0,0,0,0,0,0,0,0,0,0,0,0,0,0,0,0,0,1.21590762590456,0,0,0.000118994685717002,0,10
0,0.000139950573043462,0,0,0,5.05141471373599e-05,0,0,0,0,0,0,0,0,0,0,0,0,0,0,0,0,0,0,0,1.05212400530302,0,0,0.000117903171883861,0,10
0,0.000154921930380309,0,0,0,3.38926025807112e-05,0,0,0,0,0,0,0,0,0,0,0,0,0,0,0,0,0,0,0,0.894379312839159,0,0,0.000133845448182122,0,10
0,0.000186481569848282,0,0,0,2.44873873997198e-05,0,0,0,0,0,0,0,0,0,0,0,0,0,0,0,0,0,0,0,0.795564600714348,0,0,0.000170391495182415,0,10
0,0.000234182686278799,0,0,0,1.78818669853853e-05,0,0,0,0,0,0,0,0,0,0,0,0,0,0,0,0,0,0,0,0.724861372166765,0,0,0.000219294407586577,0,10
0,0.000292143198728397,0,0,0,1.33164824634139e-05,0,0,0,0,0,0,0,0,0,0,0,0,0,0,0,0,0,0,0,0.673554294737,0,0,0.000289057580113365,0,10
0,0.00040159371537346,0,0,0,1.00143395281186e-05,0,0,0,0,0,0,0,0,0,0,0,0,0,0,0,0,0,0,0,0.610289958725009,0,0,0.000378381602398056,0,10
0,0.000557401981438467,0,0,0,7.98316163286647e-06,0,0,0,0,0,0,0,0,0,0,0,0,0,0,0,0,0,0,0,0.51794220522735,0,0,0.000545693230760384,0,10
0,0.000769766885607187,0,0,0,6.35960258737669e-06,0,0,0,0,0,0,0,0,0,0,0,0,0,0,0,0,0,0,0,0.458416856223777,0,0,0.000855003185469007,0,10
0,0.00110172665895981,0,0,0,5.1841294328526e-06,0,0,0,0,0,0,0,0,0,0,0,0,0,0,0,0,0,0,0,0.385018101289639,0,0,0.00129929698805111,0,10
0,0.00166679622091364,0,0,0,4.55228649323396e-06,0,0,0,0,0,0,0,0,0,0,0,0,0,0,0,0,0,0,0,0.363961439997371,0,0,0.0020169873435921,0,10
0,0.00251580640478306,0,0,0,3.90441812868221e-06,0,0,0,0,0,0,0,0,0,0,0,0,0,0,0,0,0,0,0,0.322417677901563,0,0,0.00298744819742985,0,10
0,0.00410369014306148,0,0,0,3.53553860177173e-06,0,0,0,0,0,0,0,0,0,0,0,0,0,0,0,0,0,0,0,0.284247284607623,0,0,0.00523168531000078,0,10
0,0.00732599753381941,0,0,0,3.31522206442007e-06,0,0,0,0,0,0,0,0,0,0,0,0,0,0,0,0,0,0,0,0.265946298257162,0,0,0.00739414993899139,0,10
0,0.0115006121345581,0,0,0,2.95870719484817e-06,0,0,0,0,0,0,0,0,0,0,0,0,0,0,0,0,0,0,0,0.234541471816412,0,0,0.0123607886165595,0,10
0,0.017071557696833,0,0,0,3.10964634067859e-06,0,0,0,0,0,0,0,0,0,0,0,0,0,0,0,0,0,0,0,0.231774082345102,0,0,0.0189701569409792,0,10
0,0.0291396790146648,0,0,0,3.40842623987222e-06,0,0,0,0,0,0,0,0,0,0,0,0,0,0,0,0,0,0,0,0.225465445352324,0,0,0.0289637070374172,0,10
0,0.0505969501634177,0,0,0,3.72339273973302e-06,0,0,0,0,0,0,0,0,0,0,0,0,0,0,0,0,0,0,0,0.206402426933416,0,0,0.0510436292955127,0,10
0,0.0928562914944591,0,0,0,4.98956799772946e-06,0,0,0,0,0,0,0,0,0,0,0,0,0,0,0,0,0,0,0,0.183772596303258,0,0,0.095559654651019,0,10
0,0.17600653008121,0,0,0,9.25693386975138e-06,0,0,0,0,0,0,0,0,0,0,0,0,0,0,0,0,0,0,0,0.175801230817376,0,0,0.174356731660857,0,10
0,0.31480532155495,0,0,0,1.4875901639918e-05,0,0,0,0,0,0,0,0,0,0,0,0,0,0,0,0,0,0,0,0.206683628661987,0,0,0.333923755120185,0,10
0,0.495383171363975,0,0,0,2.81875575394426e-05,0,0,0,0,0,0,0,0,0,0,0,0,0,0,0,0,0,0,0,0.234933688326199,0,0,0.513565555703922,0,10
0,0.594270771184338,0,0,0,5.68031589904262e-05,0,0,0,0,0,0,0,0,0,0,0,0,0,0,0,0,0,0,0,0.252695501965088,0,0,0.740358304408559,0,10
0,0.649686256061682,0,0,0,9.96492995697489e-05,0,0,0,0,0,0,0,0,0,0,0,0,0,0,0,0,0,0,0,0.295533340662135,0,0,0.866150269030153,0,10
0,0.687415903063077,0,0,0,0.000163729319355488,0,0,0,0,0,0,0,0,0,0,0,0,0,0,0,0,0,0,0,0.363007526211513,0,0,1.03562531262369,0,10
0,0.656493906477906,0,0,0,0.000304465721287705,0,0,0,0,0,0,0,0,0,0,0,0,0,0,0,0,0,0,0,0.444496925741572,0,0,1.05393242871216,0,10
0,0.727014042311677,0,0,0,0.000546805041005626,0,0,0,0,0,0,0,0,0,0,0,0,0,0,0,0,0,0,0,0.496882011014068,0,0,0.996352289815462,0,10
0,0.724153737623262,0,0,0,0.000918971821703353,0,0,0,0,0,0,0,0,0,0,0,0,0,0,0,0,0,0,0,0.579525539972104,0,0,0.970920089245693,0,10
0,0.677293017400387,0,0,0,0.00169184418625966,0,0,0,0,0,0,0,0,0,0,0,0,0,0,0,0,0,0,0,0.605277757945822,0,0,0.950053794976702,0,10
0,0.728351141538571,0,0,0,0.00268027320675633,0,0,0,0,0,0,0,0,0,0,0,0,0,0,0,0,0,0,0,0.645443167039759,0,0,0.875233779421907,0,10
0,0.67553536016196,0,0,0,0.00475686358188128,0,0,0,0,0,0,0,0,0,0,0,0,0,0,0,0,0,0,0,0.688455989458836,0,0,0.884695895290122,0,10
0,0.631343734965965,0,0,0,0.00859845795299017,0,0,0,0,0,0,0,0,0,0,0,0,0,0,0,0,0,0,0,0.839173593763141,0,0,0.879024797876066,0,10
0,0.662278477360826,0,0,0,0.0117984165075863,0,0,0,0,0,0,0,0,0,0,0,0,0,0,0,0,0,0,0,0.800122202616149,0,0,0.841378494377762,0,10
0,0.619676285728157,0,0,0,0.0197302437502573,0,0,0,0,0,0,0,0,0,0,0,0,0,0,0,0,0,0,0,0.896452352996904,0,0,0.795736944191973,0,10
0,0.589556034435617,0,0,0,0.032826028580599,0,0,0,0,0,0,0,0,0,0,0,0,0,0,0,0,0,0,0,0.959692835732828,0,0,0.725373645576846,0,10
0,0.505519342984769,0,0,0,0.0614524104942101,0,0,0,0,0,0,0,0,0,0,0,0,0,0,0,0,0,0,0,1.08225403474286,0,0,0.616100362225779,0,10
0,0.420872977654343,0,0,0,0.0849832813787161,0,0,0,0,0,0,0,0,0,0,0,0,0,0,0,0,0,0,0,1.32984910305891,0,0,0.483626906255637,0,10
0,0.324421241750043,0,0,0,0.108276848591768,0,0,0,0,0,0,0,0,0,0,0,0,0,0,0,0,0,0,0,1.47305429785826,0,0,0.271019094005053,0,10
0,0.168671975999604,0,0,0,0.0870639760521581,0,0,0,0,0,0,0,0,0,0,0,0,0,0,0,0,0,0,0,1.65180122534591,0,0,0.0665192184774502,0,10
0,0.0269650589662657,0,0,0,0.0232193092124497,0,0,0,0,0,0,0,0,0,0,0,0,0,0,0,0,0,0,0,1.58446205917313,0,0,0.00921241979227761,0,10
0,0.00322436602935619,0,0,0,0.00386873285592105,0,0,0,0,0,0,0,0,0,0,0,0,0,0,0,0,0,0,0,1.49286770034564,0,0,0.00151996504304704,0,10
0,0.00115309769066351,0,0,0,0.00122685335348004,0,0,0,0,0,0,0,0,0,0,0,0,0,0,0,0,0,0,0,1.2379041946694,0,0,0.000721602627079972,0,10
0,0.000618286090200613,0,0,0,0.000517341919271055,0,0,0,0,0,0,0,0,0,0,0,0,0,0,0,0,0,0,0,1.11435120842457,0,0,0.000430491285673225,0,10
0,0.000435782886102401,0,0,0,0.000261738017531714,0,0,0,0,0,0,0,0,0,0,0,0,0,0,0,0,0,0,0,1.0060739571297,0,0,0.000330466866922992,0,10
0,0.000387547671540025,0,0,0,0.000148834397793275,0,0,0,0,0,0,0,0,0,0,0,0,0,0,0,0,0,0,0,0.895389488850294,0,0,0.000307404701349348,0,10
0,0.000388170785354907,0,0,0,9.64580634819415e-05,0,0,0,0,0,0,0,0,0,0,0,0,0,0,0,0,0,0,0,0.789911809844562,0,0,0.000333255926582139,0,10
0,0.000499163209008589,0,0,0,6.78635390310929e-05,0,0,0,0,0,0,0,0,0,0,0,0,0,0,0,0,0,0,0,0.627435106423323,0,0,0.000406581258524132,0,10
0,0.000726538774388084,0,0,0,5.36806568610373e-05,0,0,0,0,0,0,0,0,0,0,0,0,0,0,0,0,0,0,0,0.513490313990084,0,0,0.000584583352220738,0,10
0,0.000983607909182496,0,0,0,4.20263637921912e-05,0,0,0,0,0,0,0,0,0,0,0,0,0,0,0,0,0,0,0,0.482813988650132,0,0,0.00080737776611296,0,10
0,0.00136967601854372,0,0,0,3.24458543051698e-05,0,0,0,0,0,0,0,0,0,0,0,0,0,0,0,0,0,0,0,0.430660268140393,0,0,0.00111231716051652,0,10
0,0.00191082751089462,0,0,0,2.92257967051916e-05,0,0,0,0,0,0,0,0,0,0,0,0,0,0,0,0,0,0,0,0.387891534598735,0,0,0.00160967874754227,0,10
0,0.00262633488090176,0,0,0,2.47878321432e-05,0,0,0,0,0,0,0,0,0,0,0,0,0,0,0,0,0,0,0,0.354156933981004,0,0,0.00234171845124644,0,10
0,0.00365515162397867,0,0,0,2.00764228341767e-05,0,0,0,0,0,0,0,0,0,0,0,0,0,0,0,0,0,0,0,0.315302535881892,0,0,0.00354263663094165,0,10
0,0.00576052839179661,0,0,0,1.68839370909888e-05,0,0,0,0,0,0,0,0,0,0,0,0,0,0,0,0,0,0,0,0.284745830579779,0,0,0.00575505849087297,0,10
0,0.00929433138117743,0,0,0,1.42845147347775e-05,0,0,0,0,0,0,0,0,0,0,0,0,0,0,0,0,0,0,0,0.233220568347678,0,0,0.00963646466351827,0,10
0,0.0156852770322121,0,0,0,1.31657595896818e-05,0,0,0,0,0,0,0,0,0,0,0,0,0,0,0,0,0,0,0,0.207190933481778,0,0,0.0173544672685266,0,10
0,0.0282463092208885,0,0,0,1.39749773515287e-05,0,0,0,0,0,0,0,0,0,0,0,0,0,0,0,0,0,0,0,0.189902685252482,0,0,0.0315120978005424,0,10
0,0.0564710456916101,0,0,0,1.72524372449725e-05,0,0,0,0,0,0,0,0,0,0,0,0,0,0,0,0,0,0,0,0.172482340282895,0,0,0.0616053755212975,0,10
0,0.111215286367599,0,0,0,2.39652995616817e-05,0,0,0,0,0,0,0,0,0,0,0,0,0,0,0,0,0,0,0,0.182524872880816,0,0,0.123989427755283,0,10
0,0.19590916052772,0,0,0,3.83663278858688e-05,0,0,0,0,0,0,0,0,0,0,0,0,0,0,0,0,0,0,0,0.196982884279784,0,0,0.234217329716981,0,10
0,0.349601555156974,0,0,0,6.3092752129853e-05,0,0,0,0,0,0,0,0,0,0,0,0,0,0,0,0,0,0,0,0.218213153373566,0,0,0.411180889789836,0,10
0,0.50218194383102,0,0,0,0.000106229717102077,0,0,0,0,0,0,0,0,0,0,0,0,0,0,0,0,0,0,0,0.230597204759666,0,0,0.570477830859537,0,10
0,0.69699239874685,0,0,0,0.000178641427184642,0,0,0,0,0,0,0,0,0,0,0,0,0,0,0,0,0,0,0,0.234140736954088,0,0,0.793350183176338,0,10
0,0.702283434359309,0,0,0,0.000273947267011868,0,0,0,0,0,0,0,0,0,0,0,0,0,0,0,0,0,0,0,0.275863799066966,0,0,0.887161794906896,0,10
0,0.785107460911529,0,0,0,0.000487377504667325,0,0,0,0,0,0,0,0,0,0,0,0,0,0,0,0,0,0,0,0.290760445791271,0,0,0.897124669566945,0,10
0,0.84807015474581,0,0,0,0.000837404840640374,0,0,0,0,0,0,0,0,0,0,0,0,0,0,0,0,0,0,0,0.341073642989991,0,0,0.994166389261029,0,10
0,0.861544229325745,0,0,0,0.00162179176572166,0,0,0,0,0,0,0,0,0,0,0,0,0,0,0,0,0,0,0,0.34551447100426,0,0,0.995632126319042,0,10
0,0.82031615539984,0,0,0,0.00255715934963244,0,0,0,0,0,0,0,0,0,0,0,0,0,0,0,0,0,0,0,0.375079282688379,0,0,0.992425432853677,0,10
0,0.811172513407999,0,0,0,0.00409552781598608,0,0,0,0,0,0,0,0,0,0,0,0,0,0,0,0,0,0,0,0.417751945525096,0,0,0.99629624193384,0,10
0,0.804901580733011,0,0,0,0.00690809435996982,0,0,0,0,0,0,0,0,0,0,0,0,0,0,0,0,0,0,0,0.497290081318213,0,0,0.993038614991991,0,10
0,0.737688254730262,0,0,0,0.013933112133092,0,0,0,0,0,0,0,0,0,0,0,0,0,0,0,0,0,0,0,0.492550056191036,0,0,0.968321534616486,0,10
0,0.72941755509119,0,0,0,0.0226127902939877,0,0,0,0,0,0,0,0,0,0,0,0,0,0,0,0,0,0,0,0.57164022719324,0,0,0.976082200435575,0,10
0,0.72193464989577,0,0,0,0.0397981901273722,0,0,0,0,0,0,0,0,0,0,0,0,0,0,0,0,0,0,0,0.617660865645472,0,0,0.952375402554666,0,10
0,0.679359576648166,0,0,0,0.0662290204706483,0,0,0,0,0,0,0,0,0,0,0,0,0,0,0,0,0,0,0,0.749102959398125,0,0,0.916922157566299,0,10
0,0.653900771523086,0,0,0,0.115199270383886,0,0,0,0,0,0,0,0,0,0,0,0,0,0,0,0,0,0,0,0.852902854303866,0,0,0.76603833685524,0,10
0,0.66730628082197,0,0,0,0.159344885137262,0,0,0,0,0,0,0,0,0,0,0,0,0,0,0,0,0,0,0,0.972027829497883,0,0,0.651921807385344,0,10
0,0.625819635764935,0,0,0,0.22263692727156,0,0,0,0,0,0,0,0,0,0,0,0,0,0,0,0,0,0,0,1.11506740172762,0,0,0.39345258176547,0,10
0,0.718358648091255,0,0,0,0.302438422871542,0,0,0,0,0,0,0,0,0,0,0,0,0,0,0,0,0,0,0,1.16238453874347,0,0,0.078296502887411,0,10
0,0.681788590906527,0,0,0,0.255532538448728,0,0,0,0,0,0,0,0,0,0,0,0,0,0,0,0,0,0,0,1.34905800945199,0,0,0.00141294730944751,0,10
0,0.596093525747537,0,0,0,0.158355729306669,0,0,0,0,0,0,0,0,0,0,0,0,0,0,0,0,0,0,0,1.46208369119974,0,0,0.000306880219348593,0,10
0,0.330543096245178,0,0,0,0.0978618504107521,0,0,0,0,0,0,0,0,0,0,0,0,0,0,0,0,0,0,0,1.63493351743466,0,0,0.000151981847324679,0,10
0,0.0655483515882024,0,0,0,0.0317186230657511,0,0,0,0,0,0,0,0,0,0,0,0,0,0,0,0,0,0,0,1.64485897943297,0,0,0.000124191307884261,0,10
0,0.00458448975155946,0,0,0,0.00530447303307704,0,0,0,0,0,0,0,0,0,0,0,0,0,0,0,0,0,0,0,1.58810197821826,0,0,8.4858551092321e-05,0,10
0,0.00114593539512187,0,0,0,0.00131884282358438,0,0,0,0,0,0,0,0,0,0,0,0,0,0,0,0,0,0,0,1.3739113027606,0,0,6.6936396431543e-05,0,10
0,0.000608834736108025,0,0,0,0.000570295819942599,0,0,0,0,0,0,0,0,0,0,0,0,0,0,0,0,0,0,0,1.16511480907212,0,0,7.10233994530657e-05,0,10
0,0.000557587324221688,0,0,0,0.000294939205621124,0,0,0,0,0,0,0,0,0,0,0,0,0,0,0,0,0,0,0,0.929174064311195,0,0,9.30390503206117e-05,0,10
0,0.000547021497005407,0,0,0,0.000193880569887088,0,0,0,0,0,0,0,0,0,0,0,0,0,0,0,0,0,0,0,0.753847257125198,0,0,0.00012968662127756,0,10
0,0.00067769324387204,0,0,0,0.000127909950259622,0,0,0,0,0,0,0,0,0,0,0,0,0,0,0,0,0,0,0,0.637867681087808,0,0,0.000184396095831532,0,10
0,0.000785337767936591,0,0,0,8.24795139750378e-05,0,0,0,0,0,0,0,0,0,0,0,0,0,0,0,0,0,0,0,0.599867482752833,0,0,0.000257443308916765,0,10
0,0.00092739336990458,0,0,0,6.30162979829111e-05,0,0,0,0,0,0,0,0,0,0,0,0,0,0,0,0,0,0,0,0.564353068814465,0,0,0.000345716814933421,0,10
0,0.00130362827719439,0,0,0,4.92965956372257e-05,0,0,0,0,0,0,0,0,0,0,0,0,0,0,0,0,0,0,0,0.472931254188924,0,0,0.000516458462842437,0,10
0,0.00191775768372679,0,0,0,3.86786253142185e-05,0,0,0,0,0,0,0,0,0,0,0,0,0,0,0,0,0,0,0,0.387429268308943,0,0,0.000852388416666399,0,10
0,0.00274714303962928,0,0,0,3.33534110028799e-05,0,0,0,0,0,0,0,0,0,0,0,0,0,0,0,0,0,0,0,0.332251146332997,0,0,0.00153485539118173,0,10
0,0.00410375376272529,0,0,0,2.85432406942437e-05,0,0,0,0,0,0,0,0,0,0,0,0,0,0,0,0,0,0,0,0.304051935732767,0,0,0.00232354180532915,0,10
0,0.00627765684392623,0,0,0,2.49348884358597e-05,0,0,0,0,0,0,0,0,0,0,0,0,0,0,0,0,0,0,0,0.264737467104647,0,0,0.00381129891389948,0,10
0,0.0100407803559569,0,0,0,2.32969478945015e-05,0,0,0,0,0,0,0,0,0,0,0,0,0,0,0,0,0,0,0,0.231237944135047,0,0,0.00687995153547112,0,10
0,0.0169489148714249,0,0,0,2.06932223109969e-05,0,0,0,0,0,0,0,0,0,0,0,0,0,0,0,0,0,0,0,0.19757950177487,0,0,0.0121636823784569,0,10
0,0.0293818248803263,0,0,0,2.00944494652148e-05,0,0,0,0,0,0,0,0,0,0,0,0,0,0,0,0,0,0,0,0.17877796898284,0,0,0.0210463613109183,0,10
0,0.054853196867533,0,0,0,2.19685247654208e-05,0,0,0,0,0,0,0,0,0,0,0,0,0,0,0,0,0,0,0,0.165714528679521,0,0,0.0381194931246372,0,10
0,0.0949292505291191,0,0,0,2.48122586720401e-05,0,0,0,0,0,0,0,0,0,0,0,0,0,0,0,0,0,0,0,0.167265895657066,0,0,0.0726078687364056,0,10
0,0.16473438906108,0,0,0,3.47649617638359e-05,0,0,0,0,0,0,0,0,0,0,0,0,0,0,0,0,0,0,0,0.178480397023344,0,0,0.141093164762647,0,10
0,0.29383330780068,0,0,0,5.69620341712788e-05,0,0,0,0,0,0,0,0,0,0,0,0,0,0,0,0,0,0,0,0.184928617996985,0,0,0.270998121310609,0,10
0,0.470395282310467,0,0,0,9.32917532932839e-05,0,0,0,0,0,0,0,0,0,0,0,0,0,0,0,0,0,0,0,0.213708799328795,0,0,0.442166284019028,0,10
0,0.616113184943341,0,0,0,0.000148621391645344,0,0,0,0,0,0,0,0,0,0,0,0,0,0,0,0,0,0,0,0.232939007545977,0,0,0.635677666945591,0,10
0,0.780349888096739,0,0,0,0.000267537823346808,0,0,0,0,0,0,0,0,0,0,0,0,0,0,0,0,0,0,0,0.285901936141626,0,0,0.798027495956925,0,10
0,0.856671847094495,0,0,0,0.000468543560748366,0,0,0,0,0,0,0,0,0,0,0,0,0,0,0,0,0,0,0,0.303477423734794,0,0,0.80427100644019,0,10
0,0.914200553267425,0,0,0,0.000827838368319013,0,0,0,0,0,0,0,0,0,0,0,0,0,0,0,0,0,0,0,0.314608717034617,0,0,0.815283959087307,0,10
0,0.961924979410249,0,0,0,0.00138396686837933,0,0,0,0,0,0,0,0,0,0,0,0,0,0,0,0,0,0,0,0.331424059805893,0,0,0.850943449595878,0,10
0,0.981193065140024,0,0,0,0.00223213014020608,0,0,0,0,0,0,0,0,0,0,0,0,0,0,0,0,0,0,0,0.381024999326836,0,0,0.831043941562374,0,10
0,0.980053131743961,0,0,0,0.00362512681560455,0,0,0,0,0,0,0,0,0,0,0,0,0,0,0,0,0,0,0,0.403931716844529,0,0,0.823877122415954,0,10
0,1.01867441006971,0,0,0,0.0067412340685821,0,0,0,0,0,0,0,0,0,0,0,0,0,0,0,0,0,0,0,0.41954201497459,0,0,0.802267236331472,0,10
0,0.921875827201688,0,0,0,0.0117517192632693,0,0,0,0,0,0,0,0,0,0,0,0,0,0,0,0,0,0,0,0.472209401695326,0,0,0.787225741516608,0,10
0,0.933691557494136,0,0,0,0.0226065889176565,0,0,0,0,0,0,0,0,0,0,0,0,0,0,0,0,0,0,0,0.558751494027904,0,0,0.722954999136047,0,10
0,0.911452663161821,0,0,0,0.034256243048827,0,0,0,0,0,0,0,0,0,0,0,0,0,0,0,0,0,0,0,0.630363552841707,0,0,0.66266867123425,0,10
0,0.95909088552843,0,0,0,0.0543380400872204,0,0,0,0,0,0,0,0,0,0,0,0,0,0,0,0,0,0,0,0.696611892063053,0,0,0.614843937132462,0,10
0,0.913538360839398,0,0,0,0.0867792932217008,0,0,0,0,0,0,0,0,0,0,0,0,0,0,0,0,0,0,0,0.763189431883288,0,0,0.601252486082368,0,10
0,0.982809341659237,0,0,0,0.143153062952839,0,0,0,0,0,0,0,0,0,0,0,0,0,0,0,0,0,0,0,0.764937487111765,0,0,0.463264736970709,0,10
0,0.982523002022987,0,0,0,0.228164128867711,0,0,0,0,0,0,0,0,0,0,0,0,0,0,0,0,0,0,0,0.822524774208018,0,0,0.200802032275636,0,10
0,1.05721141032253,0,0,0,0.262564171969439,0,0,0,0,0,0,0,0,0,0,0,0,0,0,0,0,0,0,0,0.884054119579134,0,0,0.0157263481758492,0,10
0,1.17876496399686,0,0,0,0.233765428364652,0,0,0,0,0,0,0,0,0,0,0,0,0,0,0,0,0,0,0,0.887984284267794,0,0,0.000721660231258826,0,10
0,1.30326581244733,0,0,0,0.183741999845065,0,0,0,0,0,0,0,0,0,0,0,0,0,0,0,0,0,0,0,1.0025548178153,0,0,0.00015822482992955,0,10
0,1.2188858880177,0,0,0,0.151336177170407,0,0,0,0,0,0,0,0,0,0,0,0,0,0,0,0,0,0,0,1.2584913435492,0,0,6.80274174528374e-05,0,10
0,1.16453577657493,0,0,0,0.113521177978111,0,0,0,0,0,0,0,0,0,0,0,0,0,0,0,0,0,0,0,1.50572837090527,0,0,4.33006658367654e-05,0,10
0,0.829531049976063,0,0,0,0.0883551409614322,0,0,0,0,0,0,0,0,0,0,0,0,0,0,0,0,0,0,0,1.66474980436575,0,0,3.68977347284848e-05,0,10
0,0.562542316610195,0,0,0,0.054874647155189,0,0,0,0,0,0,0,0,0,0,0,0,0,0,0,0,0,0,0,1.63043243288796,0,0,4.17912816976945e-05,0,10
0,0.131737234589947,0,0,0,0.0241433064167189,0,0,0,0,0,0,0,0,0,0,0,0,0,0,0,0,0,0,0,1.89089091647185,0,0,4.7455275721056e-05,0,10
0,0.00456326203054426,0,0,0,0.00361843981380405,0,0,0,0,0,0,0,0,0,0,0,0,0,0,0,0,0,0,0,1.88814967362903,0,0,3.06814690402859e-05,0,10
0,0.000663341886016705,0,0,0,0.000667996811377213,0,0,0,0,0,0,0,0,0,0,0,0,0,0,0,0,0,0,0,1.79887705493965,0,0,2.25449106120726e-05,0,10
0,0.000261873546228897,0,0,0,0.000231746684756236,0,0,0,0,0,0,0,0,0,0,0,0,0,0,0,0,0,0,0,1.59886551401555,0,0,2.01565048486836e-05,0,10
0,0.000168676571905791,0,0,0,0.000117220891488459,0,0,0,0,0,0,0,0,0,0,0,0,0,0,0,0,0,0,0,1.33246052195131,0,0,2.19094147910063e-05,0,10
0,0.000157528346919902,0,0,0,6.12131626154553e-05,0,0,0,0,0,0,0,0,0,0,0,0,0,0,0,0,0,0,0,1.1532638968453,0,0,2.83210776604311e-05,0,10
0,0.000146150583351096,0,0,0,3.69261936011836e-05,0,0,0,0,0,0,0,0,0,0,0,0,0,0,0,0,0,0,0,1.02392486624994,0,0,3.28085880912284e-05,0,10
0,0.000172167779125023,0,0,0,2.48789804464706e-05,0,0,0,0,0,0,0,0,0,0,0,0,0,0,0,0,0,0,0,0.862448393357805,0,0,4.71451119891866e-05,0,10
0,0.000232800892924768,0,0,0,1.68566804796285e-05,0,0,0,0,0,0,0,0,0,0,0,0,0,0,0,0,0,0,0,0.719429612593509,0,0,6.80261622283064e-05,0,10
0,0.000271717096955147,0,0,0,1.17758893605155e-05,0,0,0,0,0,0,0,0,0,0,0,0,0,0,0,0,0,0,0,0.721634512116427,0,0,9.93977545928672e-05,0,10
0,0.000339813638381759,0,0,0,9.63847799181134e-06,0,0,0,0,0,0,0,0,0,0,0,0,0,0,0,0,0,0,0,0.615380973195503,0,0,0.000141744067785126,0,10
0,0.000417461532702262,0,0,0,7.67702952909858e-06,0,0,0,0,0,0,0,0,0,0,0,0,0,0,0,0,0,0,0,0.575905130292598,0,0,0.000232308567352974,0,10
0,0.000639924645616903,0,0,0,6.45169364716633e-06,0,0,0,0,0,0,0,0,0,0,0,0,0,0,0,0,0,0,0,0.483489370206875,0,0,0.000372364773446725,0,10
0,0.00110662140866805,0,0,0,5.46921096247229e-06,0,0,0,0,0,0,0,0,0,0,0,0,0,0,0,0,0,0,0,0.391098177361709,0,0,0.0006645864807112,0,10
0,0.00165392633637747,0,0,0,4.45857583049535e-06,0,0,0,0,0,0,0,0,0,0,0,0,0,0,0,0,0,0,0,0.32589450387145,0,0,0.00114213048529164,0,10
0,0.00289361202875531,0,0,0,3.82939971169965e-06,0,0,0,0,0,0,0,0,0,0,0,0,0,0,0,0,0,0,0,0.288580879742569,0,0,0.001904023903122,0,10
0,0.00411443063320261,0,0,0,3.33567665070206e-06,0,0,0,0,0,0,0,0,0,0,0,0,0,0,0,0,0,0,0,0.288841448434661,0,0,0.00285459606585856,0,10
0,0.0063535855205506,0,0,0,2.81916932271991e-06,0,0,0,0,0,0,0,0,0,0,0,0,0,0,0,0,0,0,0,0.272598741334312,0,0,0.00498253321513043,0,10
0,0.0100845903536853,0,0,0,2.62979760694905e-06,0,0,0,0,0,0,0,0,0,0,0,0,0,0,0,0,0,0,0,0.247639205251055,0,0,0.00837950668834231,0,10
0,0.0152260756094141,0,0,0,2.39259239116248e-06,0,0,0,0,0,0,0,0,0,0,0,0,0,0,0,0,0,0,0,0.232662187179461,0,0,0.0128871248897227,0,10
0,0.0238342601935352,0,0,0,2.2418862060227e-06,0,0,0,0,0,0,0,0,0,0,0,0,0,0,0,0,0,0,0,0.204187599512426,0,0,0.0221614831847764,0,10
0,0.043067276055013,0,0,0,2.59043089420968e-06,0,0,0,0,0,0,0,0,0,0,0,0,0,0,0,0,0,0,0,0.188928072781066,0,0,0.0375714205861232,0,10
0,0.0773611024409238,0,0,0,3.00015145566656e-06,0,0,0,0,0,0,0,0,0,0,0,0,0,0,0,0,0,0,0,0.182139597538165,0,0,0.0657553677355617,0,10
0,0.140200227765663,0,0,0,4.16969465711911e-06,0,0,0,0,0,0,0,0,0,0,0,0,0,0,0,0,0,0,0,0.171686619641623,0,0,0.134293281738218,0,10
0,0.25922140281359,0,0,0,6.29277494832203e-06,0,0,0,0,0,0,0,0,0,0,0,0,0,0,0,0,0,0,0,0.179081831240731,0,0,0.249101389796683,0,10
0,0.463720827323815,0,0,0,1.11993989605388e-05,0,0,0,0,0,0,0,0,0,0,0,0,0,0,0,0,0,0,0,0.197540983077244,0,0,0.420592736095015,0,10
0,0.643801449646234,0,0,0,1.73584903955959e-05,0,0,0,0,0,0,0,0,0,0,0,0,0,0,0,0,0,0,0,0.234423734003082,0,0,0.583563813211283,0,10
0,0.853540478943582,0,0,0,3.00045511428586e-05,0,0,0,0,0,0,0,0,0,0,0,0,0,0,0,0,0,0,0,0.260087228059838,0,0,0.702437543363447,0,10
0,0.919508832750721,0,0,0,4.8700824192607e-05,0,0,0,0,0,0,0,0,0,0,0,0,0,0,0,0,0,0,0,0.262411097772179,0,0,0.753215584884725,0,10
0,0.891389878924812,0,0,0,9.04096073541868e-05,0,0,0,0,0,0,0,0,0,0,0,0,0,0,0,0,0,0,0,0.281104022436,0,0,0.799947396281458,0,10
0,0.926133640704994,0,0,0,0.000138705226278472,0,0,0,0,0,0,0,0,0,0,0,0,0,0,0,0,0,0,0,0.306984806450362,0,0,0.795247203022845,0,10
0,0.886066051775196,0,0,0,0.000259634851333005,0,0,0,0,0,0,0,0,0,0,0,0,0,0,0,0,0,0,0,0.327940260546495,0,0,0.839536226703555,0,10
0,0.850508089402079,0,0,0,0.000457008967201336,0,0,0,0,0,0,0,0,0,0,0,0,0,0,0,0,0,0,0,0.365771097127552,0,0,0.925930214747974,0,10
0,0.809849279410966,0,0,0,0.000753564408812498,0,0,0,0,0,0,0,0,0,0,0,0,0,0,0,0,0,0,0,0.376142654357643,0,0,1.00200908534314,0,10
0,0.757419581061227,0,0,0,0.00131306916235073,0,0,0,0,0,0,0,0,0,0,0,0,0,0,0,0,0,0,0,0.440600851490396,0,0,0.961040250708417,0,10
0,0.720411971288575,0,0,0,0.00205613290161859,0,0,0,0,0,0,0,0,0,0,0,0,0,0,0,0,0,0,0,0.458581739259683,0,0,1.01783577283709,0,10
0,0.67776972419728,0,0,0,0.00415546730550919,0,0,0,0,0,0,0,0,0,0,0,0,0,0,0,0,0,0,0,0.533387463857265,0,0,0.946495442873268,0,10
0,0.671105705126924,0,0,0,0.00731796800061289,0,0,0,0,0,0,0,0,0,0,0,0,0,0,0,0,0,0,0,0.530252267137364,0,0,0.919298887709758,0,10
0,0.683403895213392,0,0,0,0.0146098871299998,0,0,0,0,0,0,0,0,0,0,0,0,0,0,0,0,0,0,0,0.574221020302714,0,0,0.942098942037976,0,10
0,0.722439825178489,0,0,0,0.0231494641886611,0,0,0,0,0,0,0,0,0,0,0,0,0,0,0,0,0,0,0,0.677921230107988,0,0,0.884659892275164,0,10
0,0.691280753837356,0,0,0,0.0338440721322121,0,0,0,0,0,0,0,0,0,0,0,0,0,0,0,0,0,0,0,0.749101952232464,0,0,0.830932706034747,0,10
0,0.709959668108749,0,0,0,0.0522080807070956,0,0,0,0,0,0,0,0,0,0,0,0,0,0,0,0,0,0,0,0.845711555310114,0,0,0.768310948700284,0,10
0,0.628004977142715,0,0,0,0.0734824233165635,0,0,0,0,0,0,0,0,0,0,0,0,0,0,0,0,0,0,0,1.02696506959463,0,0,0.705655806463212,0,10
0,0.586742559511418,0,0,0,0.0989984067894753,0,0,0,0,0,0,0,0,0,0,0,0,0,0,0,0,0,0,0,1.24143402510442,0,0,0.5492419914913,0,10
0,0.513861630614075,0,0,0,0.119456274457808,0,0,0,0,0,0,0,0,0,0,0,0,0,0,0,0,0,0,0,1.38171969118388,0,0,0.342801527935598,0,10
0,0.287829858434003,0,0,0,0.133349936691219,0,0,0,0,0,0,0,0,0,0,0,0,0,0,0,0,0,0,0,1.71046418473652,0,0,0.0855575458506513,0,10
0,0.0900923349228208,0,0,0,0.0610743139050526,0,0,0,0,0,0,0,0,0,0,0,0,0,0,0,0,0,0,0,1.64440309463719,0,0,0.0117965408905901,0,10
0,0.0112655895288845,0,0,0,0.0129677075379532,0,0,0,0,0,0,0,0,0,0,0,0,0,0,0,0,0,0,0,1.47014042367095,0,0,0.00234092117937237,0,10
0,0.00278402672196539,0,0,0,0.00330582455776727,0,0,0,0,0,0,0,0,0,0,0,0,0,0,0,0,0,0,0,1.25427932574745,0,0,0.000982045805996089,0,10
0,0.00134723940154876,0,0,0,0.00112802404369508,0,0,0,0,0,0,0,0,0,0,0,0,0,0,0,0,0,0,0,1.09697692391547,0,0,0.00059478061377626,0,10
0,0.00080751312040369,0,0,0,0.000523680647289197,0,0,0,0,0,0,0,0,0,0,0,0,0,0,0,0,0,0,0,0.964229176866776,0,0,0.000468410107477718,0,10
0,0.000774916164673965,0,0,0,0.000279224730045886,0,0,0,0,0,0,0,0,0,0,0,0,0,0,0,0,0,0,0,0.803577709275228,0,0,0.000457198758278229,0,10
0,0.000830927858690041,0,0,0,0.000175431078024133,0,0,0,0,0,0,0,0,0,0,0,0,0,0,0,0,0,0,0,0.704768563596382,0,0,0.000521553276465492,0,10
0,0.000945756980569625,0,0,0,0.000116361873059658,0,0,0,0,0,0,0,0,0,0,0,0,0,0,0,0,0,0,0,0.593642680282853,0,0,0.00062400898916434,0,10
0,0.00114030310523706,0,0,0,8.88645627324366e-05,0,0,0,0,0,0,0,0,0,0,0,0,0,0,0,0,0,0,0,0.522332845191937,0,0,0.000834857030257488,0,10
0,0.00125496883068792,0,0,0,6.47869805429523e-05,0,0,0,0,0,0,0,0,0,0,0,0,0,0,0,0,0,0,0,0.517692623278793,0,0,0.000978442226067427,0,10
0,0.00147298454946127,0,0,0,4.89439078137138e-05,0,0,0,0,0,0,0,0,0,0,0,0,0,0,0,0,0,0,0,0.478202831200225,0,0,0.00133983295896149,0,10
0,0.00192582299013858,0,0,0,3.92687322073061e-05,0,0,0,0,0,0,0,0,0,0,0,0,0,0,0,0,0,0,0,0.417238053413751,0,0,0.00192969543690751,0,10
0,0.0028990249243467,0,0,0,3.12450451240168e-05,0,0,0,0,0,0,0,0,0,0,0,0,0,0,0,0,0,0,0,0.355818255089994,0,0,0.00301695487718339,0,10
0,0.00393483493504526,0,0,0,2.63295277038608e-05,0,0,0,0,0,0,0,0,0,0,0,0,0,0,0,0,0,0,0,0.32491830341507,0,0,0.00443421608536418,0,10
0,0.00635417631712233,0,0,0,2.2590330408803e-05,0,0,0,0,0,0,0,0,0,0,0,0,0,0,0,0,0,0,0,0.278831900275872,0,0,0.00679509125774026,0,10
0,0.0109176132469304,0,0,0,2.26781817115721e-05,0,0,0,0,0,0,0,0,0,0,0,0,0,0,0,0,0,0,0,0.235239981449211,0,0,0.0115875079859869,0,10
0,0.0175300138707692,0,0,0,2.08288937350393e-05,0,0,0,0,0,0,0,0,0,0,0,0,0,0,0,0,0,0,0,0.230590844163166,0,0,0.0187537923497445,0,10
0,0.0311181159693177,0,0,0,2.01852311262434e-05,0,0,0,0,0,0,0,0,0,0,0,0,0,0,0,0,0,0,0,0.201653103034524,0,0,0.0310761353725361,0,10
0,0.0531493362963061,0,0,0,2.2714947225681e-05,0,0,0,0,0,0,0,0,0,0,0,0,0,0,0,0,0,0,0,0.190054043026531,0,0,0.0589802649496883,0,10
0,0.100849888510914,0,0,0,3.13044103309211e-05,0,0,0,0,0,0,0,0,0,0,0,0,0,0,0,0,0,0,0,0.18828474994374,0,0,0.102237728822673,0,10
0,0.187190930026216,0,0,0,3.92643175072797e-05,0,0,0,0,0,0,0,0,0,0,0,0,0,0,0,0,0,0,0,0.204464494523365,0,0,0.186773317139544,0,10
0,0.300957044031085,0,0,0,5.92425456613168e-05,0,0,0,0,0,0,0,0,0,0,0,0,0,0,0,0,0,0,0,0.226833060110986,0,0,0.320496640314522,0,10
0,0.4493044340505,0,0,0,0.000101221231069356,0,0,0,0,0,0,0,0,0,0,0,0,0,0,0,0,0,0,0,0.243734345711634,0,0,0.544727385773541,0,10
0,0.637477553535868,0,0,0,0.000181617788429135,0,0,0,0,0,0,0,0,0,0,0,0,0,0,0,0,0,0,0,0.290548344062257,0,0,0.707441302896699,0,10
0,0.741064456058107,0,0,0,0.000330473246283337,0,0,0,0,0,0,0,0,0,0,0,0,0,0,0,0,0,0,0,0.297884059781019,0,0,0.88052693466919,0,10
0,0.764899737429064,0,0,0,0.000505424750723456,0,0,0,0,0,0,0,0,0,0,0,0,0,0,0,0,0,0,0,0.370892307626808,0,0,0.930503653278463,0,10
0,0.813064099318148,0,0,0,0.000972494532952718,0,0,0,0,0,0,0,0,0,0,0,0,0,0,0,0,0,0,0,0.404383364078711,0,0,0.985344837338154,0,10
0,0.803571773370511,0,0,0,0.00174867708376399,0,0,0,0,0,0,0,0,0,0,0,0,0,0,0,0,0,0,0,0.474228159807263,0,0,0.966182085250704,0,10
0,0.738656191389994,0,0,0,0.00282998661448094,0,0,0,0,0,0,0,0,0,0,0,0,0,0,0,0,0,0,0,0.56843815946326,0,0,0.857432512892525,0,10
0,0.735701729806463,0,0,0,0.00543186263538528,0,0,0,0,0,0,0,0,0,0,0,0,0,0,0,0,0,0,0,0.602576833153709,0,0,0.845032620993585,0,10
0,0.731842343002046,0,0,0,0.0093275535531778,0,0,0,0,0,0,0,0,0,0,0,0,0,0,0,0,0,0,0,0.658598183055377,0,0,0.869633697062665,0,10
0,0.72875552007551,0,0,0,0.0140633071873966,0,0,0,0,0,0,0,0,0,0,0,0,0,0,0,0,0,0,0,0.709548368647393,0,0,0.836762411766686,0,10
0,0.705128550161549,0,0,0,0.0246253064091643,0,0,0,0,0,0,0,0,0,0,0,0,0,0,0,0,0,0,0,0.781949723735091,0,0,0.794403000897697,0,10
0,0.666629600670645,0,0,0,0.0452618133845026,0,0,0,0,0,0,0,0,0,0,0,0,0,0,0,0,0,0,0,0.874035272861322,0,0,0.794237225968313,0,10
0,0.688155391779028,0,0,0,0.0686891921629419,0,0,0,0,0,0,0,0,0,0,0,0,0,0,0,0,0,0,0,0.935425144020406,0,0,0.723210344288295,0,10
0,0.612444232258924,0,0,0,0.0930362271563818,0,0,0,0,0,0,0,0,0,0,0,0,0,0,0,0,0,0,0,1.16569431628014,0,0,0.580682849620854,0,10
0,0.574966954820065,0,0,0,0.125896830114446,0,0,0,0,0,0,0,0,0,0,0,0,0,0,0,0,0,0,0,1.31131111422538,0,0,0.389160643889808,0,10
0,0.469564560138422,0,0,0,0.154778006174267,0,0,0,0,0,0,0,0,0,0,0,0,0,0,0,0,0,0,0,1.4900763767934,0,0,0.158738321430779,0,10
0,0.348279887248855,0,0,0,0.124391787405453,0,0,0,0,0,0,0,0,0,0,0,0,0,0,0,0,0,0,0,1.48297095312839,0,0,0.0323231874378437,0,10
0,0.102721524958824,0,0,0,0.0495231814201245,0,0,0,0,0,0,0,0,0,0,0,0,0,0,0,0,0,0,0,1.60543247625878,0,0,0.00599448068930204,0,10
0,0.00994125535254375,0,0,0,0.00860776282458877,0,0,0,0,0,0,0,0,0,0,0,0,0,0,0,0,0,0,0,1.51118448554802,0,0,0.0014331761838112,0,10
0,0.0022151139325733,0,0,0,0.00219364117688369,0,0,0,0,0,0,0,0,0,0,0,0,0,0,0,0,0,0,0,1.28995461704908,0,0,0.000595468755739275,0,10
0,0.00108658727348243,0,0,0,0.000809280051331886,0,0,0,0,0,0,0,0,0,0,0,0,0,0,0,0,0,0,0,1.11031968861889,0,0,0.000387862810535135,0,10
0,0.000638065775142344,0,0,0,0.000351585160220608,0,0,0,0,0,0,0,0,0,0,0,0,0,0,0,0,0,0,0,1.05235991127668,0,0,0.00029183915359835,0,10
0,0.000484932022778776,0,0,0,0.000173896892995497,0,0,0,0,0,0,0,0,0,0,0,0,0,0,0,0,0,0,0,0.95724032015992,0,0,0.000273833677224576,0,10
0,0.000468508035229578,0,0,0,9.97262688878679e-05,0,0,0,0,0,0,0,0,0,0,0,0,0,0,0,0,0,0,0,0.790346493213297,0,0,0.000287564194723497,0,10
0,0.000575395782975112,0,0,0,7.09789393572948e-05,0,0,0,0,0,0,0,0,0,0,0,0,0,0,0,0,0,0,0,0.651627691315678,0,0,0.000388076305722255,0,10
0,0.000686821229158995,0,0,0,5.12715071584968e-05,0,0,0,0,0,0,0,0,0,0,0,0,0,0,0,0,0,0,0,0.623542974625438,0,0,0.000460248759962708,0,10
0,0.000859399079149261,0,0,0,3.90079635070129e-05,0,0,0,0,0,0,0,0,0,0,0,0,0,0,0,0,0,0,0,0.591051520568781,0,0,0.000536195501322718,0,10
0,0.00107229628993415,0,0,0,2.94794421312674e-05,0,0,0,0,0,0,0,0,0,0,0,0,0,0,0,0,0,0,0,0.512667242768936,0,0,0.000733240312486041,0,10
0,0.00136938612631981,0,0,0,2.35687999784559e-05,0,0,0,0,0,0,0,0,0,0,0,0,0,0,0,0,0,0,0,0.468032478490956,0,0,0.00109749430395952,0,10
0,0.00189554541483202,0,0,0,1.80740631003136e-05,0,0,0,0,0,0,0,0,0,0,0,0,0,0,0,0,0,0,0,0.422389754225535,0,0,0.00158216832712859,0,10
0,0.00319010099687066,0,0,0,1.48269754686448e-05,0,0,0,0,0,0,0,0,0,0,0,0,0,0,0,0,0,0,0,0.35055824346733,0,0,0.00262396941064209,0,10
0,0.0043971974395274,0,0,0,1.26027605943949e-05,0,0,0,0,0,0,0,0,0,0,0,0,0,0,0,0,0,0,0,0.332315735874418,0,0,0.00408241072799749,0,10
0,0.0062631575650605,0,0,0,1.10938301342772e-05,0,0,0,0,0,0,0,0,0,0,0,0,0,0,0,0,0,0,0,0.315220116922119,0,0,0.00590065502998675,0,10
0,0.00934341891034757,0,0,0,1.05811689131725e-05,0,0,0,0,0,0,0,0,0,0,0,0,0,0,0,0,0,0,0,0.280104679786144,0,0,0.00920012207583598,0,10
0,0.0131720684621863,0,0,0,9.79278699696551e-06,0,0,0,0,0,0,0,0,0,0,0,0,0,0,0,0,0,0,0,0.301252094318113,0,0,0.0117727776624818,0,10
0,0.017018799746563,0,0,0,9.33112465128479e-06,0,0,0,0,0,0,0,0,0,0,0,0,0,0,0,0,0,0,0,0.286561095201541,0,0,0.0160458098335861,0,10
0,0.0264038998329623,0,0,0,8.79559175726863e-06,0,0,0,0,0,0,0,0,0,0,0,0,0,0,0,0,0,0,0,0.255154953903074,0,0,0.0254660982567427,0,10
0,0.0408410589717607,0,0,0,8.17047529611409e-06,0,0,0,0,0,0,0,0,0,0,0,0,0,0,0,0,0,0,0,0.234625128060389,0,0,0.0389872966935392,0,10
0,0.0700123465834295,0,0,0,9.72594299206343e-06,0,0,0,0,0,0,0,0,0,0,0,0,0,0,0,0,0,0,0,0.21549112335856,0,0,0.0719782225709281,0,10
0,0.130724997363904,0,0,0,1.43559060289073e-05,0,0,0,0,0,0,0,0,0,0,0,0,0,0,0,0,0,0,0,0.222101245985831,0,0,0.12729087178797,0,10
0,0.220601322163627,0,0,0,2.40780750938538e-05,0,0,0,0,0,0,0,0,0,0,0,0,0,0,0,0,0,0,0,0.247475907570132,0,0,0.220941097694599,0,10
0,0.383125200393866,0,0,0,4.08738950023689e-05,0,0,0,0,0,0,0,0,0,0,0,0,0,0,0,0,0,0,0,0.283864595742861,0,0,0.383170972626535,0,10
0,0.588612035347765,0,0,0,6.56187911384895e-05,0,0,0,0,0,0,0,0,0,0,0,0,0,0,0,0,0,0,0,0.35562233603647,0,0,0.516629725097738,0,10
0,0.760411617148376,0,0,0,0.000106935366139653,0,0,0,0,0,0,0,0,0,0,0,0,0,0,0,0,0,0,0,0.42845993804971,0,0,0.647962171699232,0,10
0,0.789717137806567,0,0,0,0.00017401712862856,0,0,0,0,0,0,0,0,0,0,0,0,0,0,0,0,0,0,0,0.475556941090011,0,0,0.757402166768479,0,10
0,0.842818284373581,0,0,0,0.000333559716058801,0,0,0,0,0,0,0,0,0,0,0,0,0,0,0,0,0,0,0,0.483380217935954,0,0,0.794957341078682,0,10
0,0.854309687054053,0,0,0,0.000582444038009943,0,0,0,0,0,0,0,0,0,0,0,0,0,0,0,0,0,0,0,0.577937155090742,0,0,0.731808275778899,0,10
0,0.824459913549824,0,0,0,0.000983924186351533,0,0,0,0,0,0,0,0,0,0,0,0,0,0,0,0,0,0,0,0.700937770907238,0,0,0.755144736394137,0,10
0,0.79377575494877,0,0,0,0.0015268024372564,0,0,0,0,0,0,0,0,0,0,0,0,0,0,0,0,0,0,0,0.770940979929571,0,0,0.728507168329298,0,10
0,0.783335029770178,0,0,0,0.00256829292178315,0,0,0,0,0,0,0,0,0,0,0,0,0,0,0,0,0,0,0,0.923512464780293,0,0,0.696173140471558,0,10
0,0.729912970558318,0,0,0,0.00453037932153718,0,0,0,0,0,0,0,0,0,0,0,0,0,0,0,0,0,0,0,1.07160396618341,0,0,0.629019120663685,0,10
0,0.644087139470698,0,0,0,0.00793307034878095,0,0,0,0,0,0,0,0,0,0,0,0,0,0,0,0,0,0,0,1.25108784154772,0,0,0.559446685356401,0,10
0,0.496443599114605,0,0,0,0.0122875239153101,0,0,0,0,0,0,0,0,0,0,0,0,0,0,0,0,0,0,0,1.34582926252562,0,0,0.483199809573379,0,10
0,0.41073088801421,0,0,0,0.0188982479109796,0,0,0,0,0,0,0,0,0,0,0,0,0,0,0,0,0,0,0,1.44019107427907,0,0,0.338062551681524,0,10
0,0.25673394931168,0,0,0,0.0211034387288883,0,0,0,0,0,0,0,0,0,0,0,0,0,0,0,0,0,0,0,1.54948985980978,0,0,0.189380948479029,0,10
