0,0.411721335831264,0,0.100897302507241,0.9777280149472,0.0307067531159793,0.000186902709510282,0.0208723445932605,0.0150054736975734,3.47856774359311e-06,0.0511083660064389,0,0,0.107125918385844,0,0.102359245000262,0,0.0319615064151539,0,0.102359245000262,0.0397083255468831,0.0168817016666394,0.0168817016666394,0.0335693495394058,0.107125918385844,3.47856774360531e-06,0,0.107125918385844,0,0,9
0,0.442392083827199,0,0.130545120669229,1.22480694805892,0.0365913196238716,0.000224202257349936,0.0200067260599356,0.011823071931397,4.35209962459816e-06,0.0600398408881174,0,0,0.0716947872401094,0,0.0552376236819763,0,0.0178868250780433,0,0.0529384372913231,0.0192307424083975,0.0176275775642091,0.0172144683162106,0.0192392698714501,0.0684389048356585,3.6814371567514e-06,0,0.0728597873126341,0,0,9
0,0.363516622334945,0,0.0981901877824494,1.09124267304528,0.0297390421034638,0.000173155379970406,0.0159210275091264,0.0107242104816274,3.69300245246559e-06,0.048380526781649,0,0,0.144859519365163,0,0.118634969430698,0,0.0360629951265027,0,0.111030141518944,0.0366331497745361,0.015548601127652,0.0150430842791291,0.0385398831895206,0.138203888572706,3.07690072924445e-06,0,0.152504525550632,0,0,9
0,0.468705482849123,0,0.119004789878153,1.1242925683161,0.0329010142333371,0.000234403710094259,0.0166456899585649,0.0113053092527503,4.24584516602518e-06,0.0550850468825289,0,0,0.0746595015803517,0,0.0628858654865496,0,0.0192316894251179,0,0.059692425307633,0.0185464372831229,0.0171891114517802,0.0156327032985779,0.0227422402894875,0.0798422356165846,3.33275534136518e-06,0,0.0878993121126078,0,0,9
0,0.377532677743661,0,0.0896138610284602,1.02530380915645,0.0257799203175731,0.000185243265619545,0.0133544312759858,0.0101600925323772,3.66830643042541e-06,0.0446330260667305,0,0,0.142505257126607,0,0.123557601755857,0,0.0341339165896278,0,0.119083136869016,0.0335442524950591,0.0147840988549551,0.0133445779492026,0.042418427868678,0.154091901391224,2.84775869774081e-06,0,0.171772266722054,0,0,9
0,0.470171351004226,0,0.118165840588408,1.12639264710623,0.027975477552139,0.000209977291173083,0.0118939344274757,0.0113098006457327,4.55608070333956e-06,0.0472654455074353,0,0,0.0841804654535654,0,0.0650443616976608,0,0.0184403908816629,0,0.0567700985500713,0.0205870216470172,0.0145778641698059,0.0144040032721994,0.0256142442861674,0.087044393482842,3.10310044321119e-06,0,0.0863057228710416,0,0,9
0,0.368706408725082,0,0.0859614648865614,1.00232814003524,0.0212152328407866,0.00017322836346879,0.00920307059929103,0.00981139831916084,4.15790651028766e-06,0.0378730954361182,0,0,0.146758920643532,0,0.121741692578369,0,0.0317627801757044,0,0.108303543533536,0.0330132814057355,0.012279508306796,0.0121852753197472,0.0444627169392508,0.157684840854349,2.75444385051933e-06,0,0.153816058988969,0,0,9
0,0.450517709779506,0,0.110228364460227,0.913887426318347,0.0303847533733027,0.000206977485784205,0.0107528681356112,0.0132207790139464,4.75551061878889e-06,0.043245571621457,0,0,0.0729782991706486,0,0.0809714638185551,0,0.0218033811932184,0,0.0723947862787715,0.0272161960291151,0.0201002330763843,0.0170880044529276,0.0260456107612004,0.0829504185331449,3.28806902573621e-06,0,0.0902650179099699,0,0,9
0,0.360844622617679,0,0.0790593689850647,0.798107037896371,0.0238255581161787,0.000165071996180699,0.00822809049311012,0.0111012670167896,4.04066806805452e-06,0.0333646616949957,0,0,0.130515297374786,0,0.124966539220242,0,0.0358581416832508,0,0.120871829097057,0.0422996707521135,0.0162097671507222,0.0137326997968171,0.0419680332658777,0.14688195624862,2.85884704246864e-06,0,0.163123169321045,0,0,9
0,0.425589046676285,0,0.122572610034575,0.858798696401205,0.0308416252344703,0.000166443862018113,0.0108643072873383,0.0146581442821174,4.94304076040577e-06,0.0406840906040618,0,0,0.0722315676752643,0,0.0929557844522556,0,0.019861359293621,0,0.0812826086737966,0.0378895457613472,0.0191051534614608,0.0194697192868617,0.0203457730614607,0.088425356127672,3.79235009765689e-06,0,0.0928840883040957,0,0,9
0,0.336654626051126,0,0.0921831994782967,0.770688858354838,0.0238312040594987,0.00013922969198927,0.00827863970634621,0.0126332144883501,4.23535952540673e-06,0.0288473676204668,0,0,0.119969639346022,0,0.149334802338102,0,0.0348703713491062,0,0.125453392248474,0.0499988067395255,0.0155497362029528,0.0159547200706331,0.0347025674425808,0.150669396593815,3.23230175091472e-06,0,0.155118988722699,0,0,9
0,0.472813156276715,0,0.125520455762762,0.782994936330037,0.0264838876268503,0.000139756530093173,0.0091618249874757,0.0161238221427702,4.53491362736169e-06,0.0384874461735036,0,0,0.055041887858042,0,0.11933442766316,0,0.015220477182033,0,0.106541575005348,0.0491662021997464,0.0194499907201211,0.0227132960059512,0.0167910698760964,0.0746124671106493,3.23735649042318e-06,0,0.0692490743851713,0,0,9
0,0.403170616533806,0,0.100383762531928,0.679542633116129,0.0226256078111552,0.000117716522453069,0.00683793324687251,0.0130588580755873,3.72498211816048e-06,0.0249566783536401,0,0,0.0931984052616012,0,0.182336230202615,0,0.029497889936034,0,0.156920545972833,0.0661992180567122,0.0152158510469143,0.0178157559713274,0.0318943733315858,0.138772325873263,2.66621732574225e-06,0,0.127918821706462,0,0,9
0,0.468973380675073,0,0.107513276530795,0.808290416778326,0.0218643712346439,0.000115443995970642,0.00774649046940951,0.0170981481885224,5.37809468346395e-06,0.0468491130404408,0,0,0.0497743428664935,0,0.12309089131125,0,0.0182377505567191,0,0.102832827679924,0.0653752051373003,0.019350027058226,0.0255621382742602,0.0186921924855439,0.0734264260099895,3.43788183158598e-06,0,0.0739575056202796,0,0,9
0,0.398130299759833,0,0.085548859515898,0.687041936738524,0.0185838915143614,9.56005845824222e-05,0.00571121357627729,0.0137564224277958,4.29201235118549e-06,0.0266665431772315,0,0,0.0819863996544106,0,0.179703459958823,0,0.0322812313330397,0,0.147037928031223,0.0915754907332118,0.0150503593965645,0.0202068390775733,0.031838873216483,0.121591475138201,2.72921938762524e-06,0,0.127549434232167,0,0,9
0,0.448267473050654,0,0.0921439942823161,0.792170492377296,0.0177748128272668,0.00013975969029612,0.00777165544331809,0.0151449415041218,7.34845122902819e-06,0.057953723910391,0,0,0.0418989729986864,0,0.127291414199494,0,0.0236149338738728,0,0.111085963678417,0.0634050625546896,0.0201430820312912,0.0293852230331336,0.0222375057164623,0.0598649997475074,3.74343940251817e-06,0,0.0649308158319944,0,0,9
0,0.395636384000097,0,0.0698609977196111,0.660284085808512,0.0157772600844737,0.000106784942462915,0.00565134900068959,0.0121705933756633,5.62937160887234e-06,0.0323147193381162,0,0,0.0700339843185204,0,0.190148535447911,0,0.0386406853606213,0,0.149074416520867,0.100266451376204,0.0156044099361426,0.0229725478848878,0.0351506661925699,0.0981888326112996,2.9132027370721e-06,0,0.112323157811882,0,0,9
0,0.365424879965528,0,0.0857393325311516,0.688099811331905,0.0166681153660454,0.000136172604257037,0.00722213466975005,0.0150608020816814,9.78458441136276e-06,0.0637765902511076,0,0,0.042892759166846,0,0.160939155144848,0,0.0333852791186448,0,0.117584051256931,0.0661528282390755,0.0218461405461119,0.0276044927737604,0.0284888564345174,0.0620641558882005,4.23933445709872e-06,0,0.067979049845878,0,0,9
0,0.326053009144485,0,0.0614874011870658,0.587051319050015,0.0144724989412836,9.98932755265623e-05,0.00533614861480852,0.0124424058906313,7.58486426775343e-06,0.0354797934186845,0,0,0.0627876083967585,0,0.217110386976697,0,0.0513624003518843,0,0.156314623244269,0.100121100058645,0.0174561358216951,0.0219775172072724,0.0405948797418071,0.0924557074560086,3.20056886869766e-06,0,0.112392328008459,0,0,9
0,0.350893533663604,0,0.0974114838506679,0.797284566471726,0.0150370102628151,0.00016417162401717,0.00681589479805626,0.0154680978900463,1.08833872109498e-05,0.0818676836737313,0,0,0.0428670761591519,0,0.159256067926026,0,0.0306708173204743,0,0.121443621643443,0.0420741843663922,0.0229442794916091,0.0286440289061615,0.0272788895721733,0.0549216859204569,4.37537468082427e-06,0,0.0646244267533813,0,0,9
0,0.30831843352636,0,0.0695111730388234,0.659661235459477,0.012489947279765,0.000111181215206539,0.00486290541820508,0.0129627150969483,8.35175705759322e-06,0.0501770607107946,0,0,0.0619648774761824,0,0.228433178776099,0,0.0472302094200851,0,0.167009485712478,0.0945479259197338,0.0186146248108034,0.0236365912752598,0.0402743206461121,0.0836371251430422,3.40624959200514e-06,0,0.107749183318611,0,0,9
0,0.314640083667374,0,0.0957595922243877,0.839192192565412,0.0125990677980947,0.000188060247842963,0.00599378842459852,0.0164637816144479,1.0660853290909e-05,0.0887402416714548,0,0,0.0451346987301289,0,0.165827079686699,0,0.0321188377052842,0,0.129527966391071,0.0257246553015765,0.0257596182095336,0.0240297131154854,0.0261954261198981,0.0586921572363117,4.83186565575089e-06,0,0.074029924039662,0,0,9
0,0.270352704928979,0,0.068755204980391,0.706967511311482,0.0101006412093869,0.00012126132095453,0.00428285376727312,0.0144001326050993,8.51219019096827e-06,0.0631442100193198,0,0,0.0588053255109454,0,0.245232732402673,0,0.0513028532257965,0,0.192263252037613,0.067726049448701,0.0222453148496195,0.0205426446357667,0.0398803297241768,0.0791052969733553,3.85940021533751e-06,0,0.107620477361592,0,0,9
0,0.335142625677152,0,0.10377918271487,0.876232786493963,0.0116089030379066,0.000209585422340951,0.00531716678295899,0.0147463040840888,1.13209646859171e-05,0.0826402629920401,0,0,0.0415021490059,0,0.15892943360692,0,0.030666017325176,0,0.130345852827024,0.0165595083658136,0.0272854710317036,0.0248127273487379,0.027122021282657,0.0492102915081874,4.46580899050309e-06,0,0.0709429005985027,0,0,9
0,0.288112479129661,0,0.0725799999223099,0.718974101217413,0.00938213422304136,0.000137625914918963,0.0037572997282771,0.0126474718594592,9.24753908221948e-06,0.0643807733846063,0,0,0.0565406802079422,0,0.244567250119404,0,0.0501311139640717,0,0.197713464550599,0.0354560689734165,0.0235027559464716,0.0212889217291325,0.0403547848657733,0.0715477077204221,3.79578009147354e-06,0,0.106661288974185,0,0,9
0,0.294813192555593,0,0.0932788314260398,0.893544801226491,0.0118454165172535,0.000231446320774403,0.00519088695104877,0.0133242147160211,1.06767830268638e-05,0.0731204735531206,0,0,0.0487506855375209,0,0.156587534818885,0,0.0358682050679131,0,0.127355842409053,0.0121983180099097,0.0239494060706582,0.0234083768796145,0.0287067147835144,0.0591787532438854,4.27915999788786e-06,0,0.0785616780254247,0,0,9
0,0.246368590468797,0,0.0647222187202618,0.718212054395412,0.00937817695927849,0.0001576127976173,0.00363930343042885,0.0114796421988996,8.89251280207686e-06,0.0605819415110883,0,0,0.0659579826618193,0,0.232821620261023,0,0.0528376742930168,0,0.182649439291141,0.0250124800126173,0.0204331395936573,0.0197433002022674,0.0396649589220501,0.0825947257560924,3.72769684913569e-06,0,0.11613915307182,0,0,9
0,0.302150230256041,0,0.109850754673456,1.01515972080786,0.012642395260993,0.000224505887458318,0.00568327545151496,0.0136881331441812,9.54305620018498e-06,0.0584314754649105,0,0,0.0628331619648654,0,0.123558140692199,0,0.0253089707991475,0,0.109806032978968,0.0149713245024662,0.0185187767004581,0.0178189704100168,0.0237966795942492,0.0609697260402696,4.29817740871582e-06,0,0.0785589427496839,0,0,9
0,0.253254056572592,0,0.0818181981785585,0.863810422484889,0.00980504721964435,0.000168868031362407,0.00414711970015655,0.0125511127328801,8.41896903522892e-06,0.0485769226851614,0,0,0.0927943168591523,0,0.217426771866241,0,0.0449013051493707,0,0.183970893328908,0.0269493431852626,0.0162225481149043,0.0156063873020425,0.041120084555285,0.0910476432610427,3.74509102769108e-06,0,0.117421387389586,0,0,9
0,0.31190646787003,0,0.100164770112321,1.07709078416126,0.0129236344697158,0.000250013250597564,0.00523324247168985,0.0126785654775514,9.36932734850584e-06,0.0592497208708242,0,0,0.0871819145707827,0,0.112527261666654,0,0.0267632293195171,0,0.0941185102385369,0.0131103747050103,0.0161860270013978,0.0155937057341087,0.0259280664150643,0.0684689093174376,4.33530101988677e-06,0,0.0799227240169524,0,0,9
0,0.249221840919216,0,0.0734851615362153,0.932381428973687,0.00964865728708972,0.000187852767095483,0.00382860652080428,0.0120835975419997,8.3483803046015e-06,0.0492088953278416,0,0,0.124006900372184,0,0.219222594147702,0,0.043268723593157,0,0.165871795449069,0.0232195259990214,0.0147210573525528,0.013863905385685,0.0412686487627552,0.0920989077947267,3.8000908716206e-06,0,0.119949664640008,0,0,9
0,0.322407108473712,0,0.11530886371698,1.1345011723934,0.013980083422411,0.000240625156094489,0.00425347401079903,0.0123389809298694,7.65697403259482e-06,0.0477874206012197,0,0,0.0978281154464851,0,0.100060272034152,0,0.0262949893635633,0,0.0795612912958751,0.0183697519688746,0.0144832634302233,0.0148516171967918,0.0248004266098152,0.0705973884860519,3.89525356365272e-06,0,0.0848829568151899,0,0,9
0,0.24524553453431,0,0.0833268824300202,1.00840429655299,0.0100687951168995,0.000199782132812059,0.003109963335959,0.0120923954268652,6.87170389839265e-06,0.0390300659951765,0,0,0.134387879801089,0,0.201764941126031,0,0.0454763319803894,0,0.153876641121364,0.0278872662107907,0.0134553174465408,0.0134878629844701,0.0424954166633809,0.0951750620538695,3.56905402576633e-06,0,0.116326238146663,0,0,9
0,0.299543282045772,0,0.100546076483142,1.24233973012731,0.0134090788472421,0.0002144009325936,0.00337856257805865,0.0103805956324083,7.56615771451355e-06,0.044113131584596,0,0,0.11446887267743,0,0.0789814640557156,0,0.0317599460011025,0,0.0620066324369596,0.0190095130136406,0.0108014888963036,0.0121471684132988,0.0277186346332764,0.0828138906152941,3.71365745951206e-06,0,0.104522005204624,0,0,9
0,0.222185387399282,0,0.0710865600528277,1.12001688043329,0.00915367361019274,0.000183086063916068,0.00247202127874976,0.0102527490979378,7.01061616620855e-06,0.0357484015198158,0,0,0.155312124296819,0,0.171436091744853,0,0.0466314188567935,0,0.131821008308071,0.0281535789005274,0.00997463313721665,0.0113551672120616,0.0406668949847229,0.110556401633345,3.39373738137865e-06,0,0.15180914826474,0,0,9
0,0.314580701673222,0,0.0934809558819561,1.27627950311267,0.015849848925044,0.000198074795097225,0.00296663539199593,0.00923106590415548,7.05019303824687e-06,0.0376922576517566,0,0,0.120872339820397,0,0.0543555218324391,0,0.037090012863327,0,0.0528239775012334,0.024844182957817,0.0092723514823953,0.0108092975597401,0.0306761997258798,0.0846055190972248,4.16010126567273e-06,0,0.115316329356552,0,0,9
0,0.231103154476439,0,0.0648166733081192,1.16074746751401,0.010701126931701,0.000171208432815728,0.00218252960699372,0.00935871417402419,6.23688994483274e-06,0.0289689425622778,0,0,0.178844560877849,0,0.119857864517367,0,0.0601318355419159,0,0.106644837365268,0.0331490977331801,0.00828951412254725,0.00982487076491072,0.0468603409039686,0.121441566622572,3.90029929523244e-06,0,0.171212603855982,0,0,9
0,0.321355657824936,0,0.104728995328296,1.2253870668376,0.0202309152526838,0.000180280050815587,0.00271163283300818,0.00842377353863784,6.27886213948417e-06,0.0370862930333608,0,0,0.163870466576075,0,0.0474076661057374,0,0.0368599478913309,0,0.0433572074785761,0.0280617387443411,0.00922490410009445,0.0102882136720071,0.0290323671586971,0.0919524529572519,4.14108118525744e-06,0,0.148626183848547,0,0,9
0,0.219251389065277,0,0.0721141502681861,1.11522026491583,0.0125433119021662,0.000154041149241708,0.00198188967688873,0.00819420831328633,5.75302822577703e-06,0.0277772795447873,0,0,0.229093940680657,0,0.0856258877821694,0,0.0550642219440434,0,0.07740214040235,0.0330538706643306,0.00790891174253442,0.00888759504522287,0.0428595119322399,0.121463121829657,3.8084631204913e-06,0,0.202045382980918,0,0,9
0,0.357787059123198,0,0.122619070904412,1.19082525777539,0.0309004864923207,0.000134234362014116,0.00271049743467975,0.00703933384178512,6.21660932290917e-06,0.0335017020266519,0,0,0.184717130920185,0,0.0365704883853074,0,0.0254831227700033,0,0.0327545200461606,0.0357417320676896,0.00945888590894869,0.00955781035097221,0.0216011647863146,0.101881709914217,4.36847915083684e-06,0,0.14969810591113,0,0,9
0,0.234431490541133,0,0.0912258280093769,1.09219839340467,0.018713911865567,0.000120516307702287,0.00198961720415467,0.00653891043690566,5.67351420224506e-06,0.0241774195547979,0,0,0.251529483937191,0,0.0623139811329226,0,0.0469270724200023,0,0.0536964132592849,0.0457080176068946,0.00787387648935326,0.00798314515832404,0.0366457503040626,0.128417050012391,3.95293861458291e-06,0,0.201861456034297,0,0,9
0,0.437868249770095,0,0.127248773409428,1.16586742001933,0.0365549578584796,0.000115589640714799,0.00227431283463122,0.00607366985516725,5.80999935109162e-06,0.0413910942724736,0,0,0.166767149856994,0,0.0297325244457834,0,0.0182667664570814,0,0.028619193909921,0.0447395517917848,0.00904794459660039,0.0096759542938407,0.0183740355288188,0.0889894467764394,4.50360044276084e-06,0,0.135987945999691,0,0,9
0,0.300424074449685,0,0.0978295180390288,1.10590108578828,0.023712044950752,9.98919258159222e-05,0.00167859347564973,0.00555878911206089,5.09173213650863e-06,0.0274023628404062,0,0,0.271652906368832,0,0.0505500456078667,0,0.0330474953633374,0,0.0517887788342831,0.0572047454459212,0.00752546076250147,0.00806713999554094,0.0308180175902535,0.127502282178458,3.86987700716856e-06,0,0.204618753466884,0,0,9
0,0.490526664769743,0,0.118338893008759,1.25191006785244,0.0471449349642798,0.000107273599678812,0.00205749090557076,0.0052026147400435,4.88897938792956e-06,0.0412888581138876,0,0,0.143277734447698,0,0.0220040782950837,0,0.0159275929151108,0,0.0239689214863182,0.0514406218636766,0.00937680279380089,0.00885299247104975,0.0157078915871706,0.0797116644910753,4.62244834458711e-06,0,0.114456421309069,0,0,9
0,0.350994908294113,0,0.0948119382047776,1.1805669682185,0.032677147912005,9.2728507966519e-05,0.0015133397619109,0.00463603193453231,4.06611034522597e-06,0.0260846408632232,0,0,0.278580460560364,0,0.0405217941875445,0,0.0280105689321901,0,0.0440181307312373,0.0732781729543764,0.00778127417639803,0.00735774210960917,0.027971347606895,0.138108311680599,4.07673837719104e-06,0,0.200589749714524,0,0,9
0,0.578971259095309,0,0.105081417983543,1.22330756272442,0.0447426742145655,9.96125645533129e-05,0.0019952837479701,0.00504475724665542,4.64392717538946e-06,0.0545955479367589,0,0,0.117859189197502,0,0.0231626183847022,0,0.0164401855733726,0,0.0226398235273726,0.0462631516001586,0.0100685535697501,0.00846740379912166,0.0186172549423694,0.065434329576787,4.74486999719037e-06,0,0.0951681688448521,0,0,9
0,0.439408984604222,0,0.0811389601456688,1.12605974876119,0.0333918370837347,8.17184247088863e-05,0.00144648082155531,0.00420065034706199,3.87214818254086e-06,0.0344668872687161,0,0,0.249422382628032,0,0.0434447103079641,0,0.0267974587703338,0,0.0414695683894174,0.0806840853123056,0.00803428508533129,0.00670304903411038,0.0303446345832089,0.125596175695239,3.96338506446953e-06,0,0.188896088283815,0,0,9
0,0.5656626179382,0,0.100746566088133,1.24033290167614,0.0484892670161304,0.000105644948036418,0.00165499790000303,0.00563064121951372,4.46543590008417e-06,0.0601563255912684,0,0,0.132594131886649,0,0.0226793483336889,0,0.0207337495378606,0,0.0206734671389612,0.0504613542719239,0.00939440511773562,0.00813421781518816,0.0234637989380505,0.0725479676682247,5.59353104738855e-06,0,0.0862859113116278,0,0,9
0,0.426248390671544,0,0.0753924449276512,1.19679070385199,0.0355840540072844,8.52322502450917e-05,0.00122562656236215,0.00490295853198419,3.66167534131432e-06,0.0365199600878468,0,0,0.298438330057837,0,0.0453913844709483,0,0.0318824597472013,0,0.0406846923115752,0.0895398663903393,0.00773142870824314,0.00662796750940629,0.0366087693786041,0.144036426200538,4.63319069747033e-06,0,0.171833844612507,0,0,9
0,0.650477780959528,0,0.095906848875209,1.13129324316654,0.0525464388567538,0.000134662467962478,0.00154387199981433,0.00896709571524259,4.73048054100824e-06,0.0726033144010987,0,0,0.103325018569756,0,0.0253376558732502,0,0.0290069678514888,0,0.0270982359988625,0.038375727075806,0.0101433562964077,0.00815743783521517,0.0259343317619102,0.0632969715858731,6.13358735364616e-06,0,0.0699134960890295,0,0,9
0,0.525066317975935,0,0.0708305925784256,1.07048287609868,0.0426098763750642,9.90880245761589e-05,0.00112179609715723,0.00735682400464772,3.81048897534565e-06,0.047581095262195,0,0,0.257179014368946,0,0.0462207984159931,0,0.0506520282870845,0,0.0516602157324372,0.0837989071243585,0.00785958088121164,0.00623821479273145,0.0474474562241716,0.143237365945405,4.97663463297689e-06,0,0.157436503050793,0,0,9
0,0.693721142881646,0,0.117843940054099,1.05163008232129,0.0475452731523671,0.000160616680481969,0.00130419110666748,0.00952289499271613,5.30967981869471e-06,0.0783960106086039,0,0,0.085558532143661,0,0.0318964490825008,0,0.0330578045332235,0,0.0320181353019132,0.0344716585790413,0.0107587070909966,0.0101222560883755,0.0292050852534751,0.050268785694099,6.28539076338983e-06,0,0.0556135979494215,0,0,9
0,0.580946672707956,0,0.0799478454890776,0.956715098789641,0.0412764366326675,0.000112491074211485,0.00092776801422602,0.00729463921063867,4.18070031918626e-06,0.0521777025002066,0,0,0.21068819953794,0,0.056732333085138,0,0.0644628936106962,0,0.0583863019896441,0.089333026041597,0.00796057313944305,0.00747175698251792,0.0557372742486225,0.112624886681552,5.05012848343996e-06,0,0.130114342212377,0,0,9
0,0.648616604983033,0,0.135526435414085,0.963695127054116,0.0370727817900443,0.000168949492852261,0.00102009675826446,0.00892442694786869,5.96539244989949e-06,0.0885334852583992,0,0,0.0725835048631934,0,0.0394785541088436,0,0.0392011062245066,0,0.0434068715859423,0.0272456224821636,0.012135148882148,0.0141412192944875,0.0331260084157035,0.0480827669153391,6.79462234838466e-06,0,0.0540748575943231,0,0,9
0,0.55590483423087,0,0.0854147160698508,0.889702055441757,0.0323644762797184,0.000112907884298087,0.000720795237561891,0.00683266519217905,4.80067855529646e-06,0.0617617811648467,0,0,0.174065133018404,0,0.0722843648875313,0,0.0863752981859461,0,0.077691423347921,0.0750276159181669,0.00914397198788247,0.0106943901265727,0.0699549047182319,0.101860708904687,5.40152816289473e-06,0,0.118470196301892,0,0,9
0,0.617576379588527,0,0.154257222642868,0.979958011608171,0.032398604159602,0.000214199128879763,0.000740521823043194,0.00887180562287602,5.03505458908584e-06,0.0822844269808739,0,0,0.0733574053090804,0,0.049739452927546,0,0.0411360492470495,0,0.0484341936118515,0.0239260674494319,0.0128415470199609,0.0140861535714138,0.0350078172015779,0.0522196058859707,7.41899033213994e-06,0,0.0510293429797513,0,0,9
0,0.524423130511385,0,0.0944504772125713,0.884938646431031,0.0277630462105829,0.000145883493356571,0.000512575456456665,0.00677836395462643,4.12558459304647e-06,0.0599192781366267,0,0,0.161502908904466,0,0.0884891950840173,0,0.090177654815791,0,0.0860887602588991,0.063869363084143,0.00976509478771644,0.0107190877345015,0.0763995292436777,0.111835938190979,6.14281544123338e-06,0,0.106251782054857,0,0,9
0,0.580108354026225,0,0.182901265088281,1.03675938136156,0.0244212773392907,0.000265068828030548,0.000732325112027431,0.00747933625692937,4.41363707824819e-06,0.0818212660092055,0,0,0.0675106903430589,0,0.0556164576152449,0,0.0287757368883993,0,0.0449361229252774,0.0208463963782621,0.0129193253040765,0.0176876949271359,0.0241952855088698,0.0608767267614724,7.61702790598092e-06,0,0.0497179259411272,0,0,9
0,0.493009270999114,0,0.120405458221519,0.9020775952094,0.020556723357455,0.000180380660446614,0.000498227876224528,0.00576148803701613,3.54845087518993e-06,0.0614985779066686,0,0,0.143235268404064,0,0.0963504696393011,0,0.0916073932118058,0,0.0798127766159934,0.0590840883518892,0.00984120743587868,0.0137477311261934,0.0731980314326607,0.130185292879547,6.24009981831237e-06,0,0.0998620824437614,0,0,9
0,0.535997271380923,0,0.182498884643065,0.845243176976717,0.018432018008881,0.000316804415974684,0.000737566825097349,0.00892650933548472,4.11139360794186e-06,0.0745353251010609,0,0,0.0698626725137906,0,0.0757590776964187,0,0.0252734137525661,0,0.0610646900517725,0.0228799463868405,0.0140454279155656,0.0173676607409652,0.0247056846887939,0.0610880069357307,7.47642799224576e-06,0,0.0589669948318612,0,0,9
0,0.45308707432403,0,0.123250499851683,0.749968878998792,0.0150508020204446,0.000221087881669209,0.000513545524465306,0.00686480235828414,3.4390897449195e-06,0.054169110973854,0,0,0.136667138975264,0,0.13120126639789,0,0.0781174982714166,0,0.0905822699846516,0.0483245974668727,0.0106868107644781,0.0133622315857678,0.0721105579554513,0.119153994576467,6.27348045414167e-06,0,0.110365026529594,0,0,9
0,0.479049525920294,0,0.177364316324025,0.719340302313846,0.0177453478684556,0.000356552990287013,0.000668267918197628,0.00989990848286409,3.73397460883947e-06,0.0635023495249761,0,0,0.0759914860247373,0,0.10288838369626,0,0.0240596658766779,0,0.0838714639948259,0.0203310849513497,0.0136321226242242,0.0217996261957591,0.022303801179671,0.0660043293323465,8.35031997496162e-06,0,0.0614128595328088,0,0,9
0,0.413650007810523,0,0.124845918041454,0.650596858427117,0.014582994783827,0.000256973584339784,0.000467633445272596,0.007768934203617,3.19290223365556e-06,0.0497975714737611,0,0,0.145638827548675,0,0.157936749434517,0,0.057408287024407,0,0.124724737274526,0.0366896652652181,0.0103936048182238,0.0168613392978575,0.0536902849153329,0.127023866085328,7.13196677184875e-06,0,0.115476136295627,0,0,9
0,0.399091726727607,0,0.158065445545931,0.758133245533109,0.0191222297973956,0.000372452929122315,0.00067175354427012,0.0103097874502908,3.99725637817107e-06,0.0534714471425611,0,0,0.0956597219172932,0,0.118395365804865,0,0.0205786647060208,0,0.122067467195801,0.0216606992211243,0.0149668675135868,0.0248118475777485,0.0190520441332578,0.0840613746523201,7.95815971880505e-06,0,0.0766840192948,0,0,9
0,0.321526238869343,0,0.118403434783535,0.656896741232818,0.014410036360607,0.000281988547236405,0.000459267593548967,0.00858800836854704,3.29284050181205e-06,0.0417605336429165,0,0,0.162797241875511,0,0.167387975744625,0,0.0470752640714331,0,0.170062707472826,0.0333954527122347,0.0118054199323073,0.0196262880461781,0.0398446912177279,0.129918623173531,6.79419962841836e-06,0,0.117880007825015,0,0,9
0,0.402507634570834,0,0.154784945768675,0.709048993840365,0.0210348500428427,0.000357993092002802,0.000602404627220505,0.0110141453977743,3.6094574433758e-06,0.044409480882941,0,0,0.0886376784246605,0,0.154339916960912,0,0.0165951421489712,0,0.143648194857606,0.0227906635027954,0.0148039645490974,0.0267701642111865,0.0114299026659416,0.0732400936223994,8.35734788851824e-06,0,0.0667096673257936,0,0,9
0,0.332975486191304,0,0.120783857749433,0.599192558826536,0.017008111595731,0.000278258912254028,0.000416988087109674,0.00894046432908878,3.1182503649519e-06,0.0353796535855409,0,0,0.138835768886145,0,0.210887832157749,0,0.0321173617372195,0,0.195583718512151,0.0306192038970309,0.0114798939537748,0.0213517036006752,0.0206809934613951,0.114015045226709,7.37584810842452e-06,0,0.106142265502572,0,0,9
0,0.370217517240196,0,0.140059663718309,0.673388059656042,0.0193692489971287,0.000347886162170328,0.000636195234482322,0.0116948165618144,3.88890699761091e-06,0.0409915818904644,0,0,0.0754536186828376,0,0.184855845211448,0,0.0107369411058215,0,0.160449706308718,0.0201987653093103,0.0138529542799611,0.0277050845302184,0.0079182262446675,0.0701858418709816,6.80077899282269e-06,0,0.067622486863851,0,0,9
0,0.306397518594538,0,0.11715624260744,0.554019289497147,0.0158305729709039,0.000278935025810472,0.000431033152721719,0.00942799571696113,3.47697223697779e-06,0.0335835789292891,0,0,0.112365766155519,0,0.230573858823276,0,0.0202875534301615,0,0.197216139982969,0.0271092306989157,0.0110211246782939,0.0223660766350346,0.0137190070461687,0.102329933012971,5.92889797302506e-06,0,0.105652064360134,0,0,9
0,0.393397983102009,0,0.119695775848929,0.66477425583236,0.0151580250525163,0.000330563274109113,0.000774684200262546,0.0126917653784297,3.93407085313136e-06,0.0367688630474278,0,0,0.0542420003855624,0,0.223330821809099,0,0.0101095610836113,0,0.18491375264225,0.0208545839255807,0.0150160934585732,0.0303094095780232,0.00709434465451505,0.0585752477129037,6.56778122322333e-06,0,0.05396135037482,0,0,9
0,0.350821503827456,0,0.102825882333544,0.536520476255068,0.0132529291210588,0.000267894139627541,0.000524116718227687,0.0100470015254002,3.33372118994497e-06,0.0305227694277366,0,0,0.0878113319350994,0,0.26868060704503,0,0.0166186851049844,0,0.226895787879999,0.0275364438068562,0.0118696003246252,0.0242669912270214,0.0112710275755607,0.0916213543885598,5.85546167953535e-06,0,0.0883980169123036,0,0,9
0,0.361644283693886,0,0.106454024478422,0.678132140870276,0.0146825679925278,0.000347224448311423,0.00062489310704892,0.0138466520608303,3.92092047292487e-06,0.0355655499450986,0,0,0.0564324429305563,0,0.234566915790188,0,0.00918289771783931,0,0.190927488227419,0.0234428651612996,0.018544533965852,0.0288469779192,0.00664263026188405,0.0541717117053288,5.57006061559579e-06,0,0.0536907909488456,0,0,9
0,0.318883312052781,0,0.0939294906257162,0.531558831443822,0.0129594180632033,0.000285448161210126,0.000413276800493864,0.0114294244619248,3.45801190061888e-06,0.0285071049658049,0,0,0.0816968656749322,0,0.288615408319684,0,0.0148309425408849,0,0.238897649874167,0.0302814659669728,0.0148251558841635,0.0237241342407465,0.00983018643560983,0.0787168818134838,4.84127882591316e-06,0,0.0802222554900157,0,0,9
0,0.331720751275693,0,0.0956793977426394,0.74501101223658,0.0120046465314858,0.000290166092038509,0.000625454034949798,0.0114704498280686,3.8474848331171e-06,0.0345733469614933,0,0,0.0550153221954663,0,0.229455168281436,0,0.00854797361672915,0,0.188103609191472,0.0298675138307368,0.0167638320409372,0.0263932532998769,0.00675060698409682,0.0582643968000484,5.44206997828075e-06,0,0.0557408669962993,0,0,9
0,0.291535647766494,0,0.0794071896823935,0.603555728707736,0.0103858658268427,0.000237348613784752,0.000419235542858729,0.00989850911046396,3.34529419012409e-06,0.0262092184124259,0,0,0.0766229307718772,0,0.303589252236012,0,0.0115142246831144,0,0.251696512457428,0.0378738748977369,0.0137949033215943,0.0221457035386658,0.008455121126172,0.0795252006561364,4.71260817858753e-06,0,0.0749695579205505,0,0,9
0,0.314449405883813,0,0.0834140011936128,0.802138301133743,0.0105642566395118,0.0002567305599623,0.000650021835858166,0.0125100634583043,4.33952820335228e-06,0.029502680218749,0,0,0.0474999913443951,0,0.205716659507294,0,0.00888363851691337,0,0.201189536216267,0.0341725308611291,0.0156456295435894,0.0229603274525959,0.00653504620532321,0.0560451055702387,5.28689078083956e-06,0,0.0489326210140693,0,0,9
0,0.269373262968126,0,0.071641654893934,0.643291937140127,0.00914525750298753,0.000218921473491087,0.000430881592104225,0.0107266602179374,3.86948505650473e-06,0.021703333803475,0,0,0.0622330816662747,0,0.277941697496782,0,0.0115129052320432,0,0.276384651837519,0.0399745361351211,0.0134140931378364,0.0200118941858424,0.00805912222422487,0.0738515439441957,4.72325007546245e-06,0,0.0635319939456422,0,0,9
0,0.271801543757383,0,0.0665461913987712,0.91377301200807,0.0103984604985201,0.000189036601237159,0.00067469689623094,0.0112653400850325,4.89249638520851e-06,0.0320986061979832,0,0,0.0485573901991518,0,0.195963745666694,0,0.0114887975665849,0,0.178622309232557,0.0423434908922668,0.0129653519179295,0.0202312734237735,0.00706372770195077,0.0565049458034677,5.83510475237004e-06,0,0.06026955997402,0,0,9
0,0.236102769549898,0,0.0582184958724077,0.747020346080949,0.00892398159825857,0.000158457796927557,0.000444076826338034,0.0103365419568212,4.13047277539799e-06,0.0221825595787738,0,0,0.0619092685303546,0,0.293464530327669,0,0.0136624811893164,0,0.269047588456121,0.0535782426414537,0.0115134300999798,0.0181936046828327,0.00843473584129803,0.0724592474027417,5.08705980232297e-06,0,0.0759776504807389,0,0,9
0,0.242202516138601,0,0.0570760441588327,1.01911500102986,0.00885694469217748,0.000201131322393435,0.000651626445591621,0.0103481390762923,5.39429715833261e-06,0.0423351807542505,0,0,0.0546865051394636,0,0.165412871194929,0,0.0141264420966076,0,0.132074182951562,0.0390295982999299,0.0121689169764487,0.0187604800804563,0.0100201833445277,0.0650640068556409,5.38641652680599e-06,0,0.0707669512886928,0,0,9
0,0.199764965674782,0,0.0500182117688178,0.843243618394557,0.00687783838959545,0.00016679416444152,0.000436291434520419,0.00999898278447176,4.75122326402843e-06,0.0290221299542533,0,0,0.0668549715342609,0,0.263488951065242,0,0.0178642228751891,0,0.223217170756077,0.0577677095867455,0.0113769587419838,0.0170960920412965,0.0118808805770831,0.0844680362608119,4.55870627829565e-06,0,0.0906583337765035,0,0,9
0,0.259776791148586,0,0.0550693464648006,1.09070715855371,0.0113002153082674,0.000208995084239113,0.000575852675226685,0.00903026858950148,5.16965363002357e-06,0.0449353758904191,0,0,0.0600281407995583,0,0.124010042244913,0,0.0175356037856631,0,0.121265109240882,0.0419447265490344,0.0130706628609707,0.0146132951009291,0.0142459645742248,0.0681974138382259,5.23054773653444e-06,0,0.0787250359232594,0,0,9
0,0.212389838107109,0,0.0445580301024077,0.924520899997038,0.00881892802177121,0.000174678534504932,0.000386991972950007,0.00880596741627503,4.4892680878233e-06,0.0298330440966287,0,0,0.0738669236698475,0,0.227043661399917,0,0.0204943534669686,0,0.210863115878274,0.0625307825603682,0.0122326498103628,0.0136386732758749,0.0166210737973226,0.0906095127322932,4.41350603454164e-06,0,0.106898009540444,0,0,9
0,0.237772860537138,0,0.0507077522108898,1.25697036428926,0.0119660011595104,0.000199824147793337,0.00063307564983906,0.00839117924803446,5.99982155948045e-06,0.0528949921696206,0,0,0.0692215046424455,0,0.0861910471704934,0,0.0251499819009206,0,0.0870459338085822,0.0444667853889576,0.0142723552205555,0.0109492333566226,0.0221828885927923,0.0892127630995766,5.36445854037624e-06,0,0.110605510351862,0,0,9
0,0.176699211271615,0,0.0385115735232234,1.06611938874382,0.00834205625292552,0.00016333417549851,0.000425917859421352,0.00868236347864745,5.10355233136451e-06,0.0336779386614484,0,0,0.087219440317519,0,0.171983959164291,0,0.02873627162398,0,0.159321348898254,0.0690041899348579,0.0132421959517234,0.0101225275674121,0.0257965914926271,0.111610616178076,4.54032039422454e-06,0,0.135108355991111,0,0,9
0,0.230975919572864,0,0.0502305220813743,1.15680472579798,0.0141002582811675,0.000205503355948351,0.000608695727362019,0.00732447627829948,7.42656351289224e-06,0.0630063544641479,0,0,0.0839589909707524,0,0.0744709985387813,0,0.0338596737532681,0,0.0787884881375672,0.0379236121556655,0.0137398094398258,0.0121682108537762,0.0349594944160279,0.104383109140765,5.58685949652754e-06,0,0.132852864908766,0,0,9
0,0.166389665278412,0,0.0357522809948088,1.01885926408533,0.00927550212724629,0.000156975647460561,0.000412790680305828,0.00726743537851279,6.30381883986339e-06,0.0416555900505009,0,0,0.104191998004391,0,0.133776499383053,0,0.0380800357268962,0,0.137589097638144,0.0718430790460123,0.0124037913617592,0.0111101822096506,0.0374264650263952,0.123859981875343,4.64663515015143e-06,0,0.162491861058861,0,0,9
0,0.281632083490398,0,0.055361470192188,1.08727958719118,0.0164908288252767,0.000207075976639242,0.000525880307374004,0.00632829122167805,7.80455344444256e-06,0.0664313396092627,0,0,0.0915144058939506,0,0.0595684200179143,0,0.0421856918416,0,0.0630894994669806,0.0372771902986516,0.0126017498373344,0.0135509180173428,0.0438994876833352,0.113331922781209,5.78937710933273e-06,0,0.150469664087036,0,0,9
0,0.198177873301248,0,0.0369889117587982,0.938054100511407,0.0105300269874953,0.000152129134275588,0.000355783609639784,0.00577187061282548,6.49792503958674e-06,0.0440709630034381,0,0,0.111480362854887,0,0.0902696967040072,0,0.0469999489111874,0,0.0959403650728662,0.0658161381978369,0.01045314995173,0.0113800944018586,0.0503840397785348,0.141556799554149,4.73040235692024e-06,0,0.203588716112071,0,0,9
0,0.299596962216426,0,0.0615804810554028,1.01226757571556,0.0237521924998251,0.000197266480479734,0.000624386488810257,0.00712923924214509,7.55118491161896e-06,0.0699524350688678,0,0,0.107916044168232,0,0.0408256589442684,0,0.0556625869780656,0,0.0494216436423497,0.0241010123770404,0.0113877104308372,0.0124743120659626,0.0504236810074226,0.120443559035305,6.32821490376321e-06,0,0.165623636787434,0,0,9
0,0.203176352109758,0,0.0382664223443138,0.93835091653113,0.0146198184633729,0.000143050051326606,0.00044526922636075,0.00648643571706861,6.27167449178971e-06,0.0521033874989579,0,0,0.140707425444808,0,0.0639717112565065,0,0.0656026969401732,0,0.0792033924964001,0.0441661465433237,0.00947782692127863,0.0104505651974788,0.0578588072274412,0.159166731656514,5.37636881552239e-06,0,0.213496800698311,0,0,9
0,0.378844055542744,0,0.0623192668608833,1.01494934868095,0.0339013178879455,0.000209778406879583,0.000619042563496429,0.00553828159440081,7.9728825645971e-06,0.0743912196215017,0,0,0.0854860518971931,0,0.0356816248141308,0,0.0749231537371163,0,0.038459416692477,0.013915875280599,0.0118741335529948,0.0115072072313649,0.0666431518236915,0.114411980627465,6.06134345634606e-06,0,0.127320318920151,0,0,9
0,0.27156421881067,0,0.0343296787218662,0.913607717508816,0.0228046923285513,0.000144133389960728,0.000435499725097715,0.00463741376680037,7.10717993179101e-06,0.0620364865794827,0,0,0.123285227022465,0,0.0559470148891373,0,0.0903701693331319,0,0.0607596716871519,0.0300834361202751,0.00949210497343321,0.00921323325898797,0.0779261881379922,0.174221797885029,5.08369011114417e-06,0,0.178713991566566,0,0,9
0,0.425540906180787,0,0.105001320082349,0.924568713785171,0.036167653082725,0.000246497273791668,0.000553408810652433,0.00595917544713322,7.70554307657657e-06,0.0675844285477936,0,0,0.0809403400711525,0,0.0344523783034263,0,0.079224900554679,0,0.0390084825021718,0.0100726443250399,0.0108244410119288,0.0107530412160592,0.0716762219500553,0.109446122785566,6.43721832535558e-06,0,0.105953480923228,0,0,9
0,0.316368286478766,0,0.0536566230042635,0.880677876942649,0.025707294753073,0.000177903033229424,0.000391999335342911,0.00490241921750506,6.79877147720111e-06,0.0583024117453904,0,0,0.126807756575854,0,0.0524052319544751,0,0.111711931259357,0,0.0613930326743482,0.0178615968971712,0.00854759182075137,0.00850399744463213,0.100171725423766,0.181468671198605,5.58582299899428e-06,0,0.164220543324631,0,0,9
0,0.446428593420738,0,0.164056973617775,0.975966748398915,0.0278225313790934,0.000269106822066918,0.000545201036210073,0.00627417668307712,7.05517924093857e-06,0.051079784551168,0,0,0.0767454628613414,0,0.0294036730832172,0,0.0582197647596146,0,0.0330806463924035,0.0134146283817941,0.00984436376098988,0.00930111634212354,0.0613531503400062,0.105101529485515,5.95330913213791e-06,0,0.0946589502705937,0,0,9
0,0.346185206734854,0,0.0842568422871852,0.879918539878829,0.0205626111656099,0.000212888026059464,0.000376875003895292,0.00497839279749994,6.22073248251519e-06,0.0435547532197096,0,0,0.13348303670704,0,0.0419442368391216,0,0.112336676879614,0,0.0497593182989639,0.0205803484942276,0.00754076221920687,0.00707213197302874,0.126406069242675,0.188853794200726,5.20112851198082e-06,0,0.168769680066114,0,0,9
0,0.520076753895659,0,0.202406981890389,0.900112294862761,0.0261660520201381,0.000239556312910111,0.00054275906362299,0.0068763475021417,6.89738614359582e-06,0.04287751231784,0,0,0.0644953987092752,0,0.0337784886668844,0,0.0407405224158603,0,0.0353909697862263,0.0175618918301293,0.0100926413832884,0.0112677577766052,0.0424914444780568,0.0986984415957662,5.71730701199056e-06,0,0.0769398497015595,0,0,9
0,0.415489204241755,0,0.115348426210057,0.854357721215581,0.020347256802587,0.000197333946715083,0.000380505283243535,0.00545457510803341,6.17185315850936e-06,0.0352478651716022,0,0,0.116122853793502,0,0.0575624677452325,0,0.0987745396093541,0,0.0591739214321187,0.0271662068348769,0.00780753069501346,0.00874558817834931,0.110014271765761,0.20310477674948,4.96756297186639e-06,0,0.143423188214887,0,0,9
0,0.494127053138232,0,0.204511038021502,0.822096338514652,0.0235163510827789,0.000241397530517705,0.000576754081331354,0.00895398121410593,6.8422971834911e-06,0.0439413777637715,0,0,0.0688073632340661,0,0.0534684611443611,0,0.02550783382163,0,0.0427252683903291,0.0185914178826182,0.0126070018460914,0.0122286293680724,0.0239107189076734,0.108728277027789,4.96363278887563e-06,0,0.0797446199063433,0,0,9
0,0.387578496391396,0,0.135808836924659,0.759897677185352,0.0176938661177638,0.000201335154981462,0.000403570062252171,0.00722490001542322,6.14423315892063e-06,0.0349850258168635,0,0,0.126243886161712,0,0.0825882182880408,0,0.0846945702588291,0,0.0657776853927276,0.0277314220640333,0.00964350964576989,0.00936282217310391,0.0777306691423705,0.207770559309721,4.45707758905127e-06,0,0.148446138095235,0,0,9
0,0.490991410560994,0,0.182469545977688,0.828847559602633,0.0204379140151277,0.000254378801445043,0.000601770745547042,0.00932281360204463,7.83991105674765e-06,0.0387932213332364,0,0,0.0796912228669881,0,0.0592804204791061,0,0.0237487071263615,0,0.0544924621234172,0.0250391817260331,0.0174269980884229,0.0127998777678792,0.0209840989264169,0.112354880916706,5.62743060875192e-06,0,0.0750239547706598,0,0,9
0,0.389273672691821,0,0.128862291275161,0.751088275889102,0.0152717490723675,0.000220753537558231,0.0004192566818163,0.00748783996951705,6.98568998733865e-06,0.0296993413322384,0,0,0.153259963618341,0,0.0910022517106422,0,0.0624698660981078,0,0.0805868489714876,0.0359928586261401,0.0134307223125372,0.00978682833373967,0.053308097189028,0.223689783141703,4.88280920530208e-06,0,0.131386622634909,0,0,9
0,0.462541321029192,0,0.164200215037853,0.879695193712494,0.0189261890206535,0.000249342094499783,0.000581737761131449,0.00869205924426798,8.6460593425553e-06,0.0467921593176118,0,0,0.100321276417097,0,0.0649438567542474,0,0.0194225283229449,0,0.0603397793621858,0.0253070496586625,0.0171001084009206,0.0120059163926258,0.017063337927671,0.128255332585783,4.55845120720295e-06,0,0.0950410941805303,0,0,9
0,0.343169260312969,0,0.123934212934886,0.78488270032779,0.0129081831918239,0.000200514086516476,0.000400808141672163,0.00719908146467002,7.55956227802639e-06,0.0364552828846978,0,0,0.159905348172296,0,0.102028372948027,0,0.0449524610811467,0,0.0879857954589101,0.0384730982969214,0.0133830179413453,0.00917434332433804,0.039554682698309,0.220637084923338,4.09242523918482e-06,0,0.150320221562992,0,0,9
0,0.518456798990707,0,0.140749718546804,0.738751081048585,0.0193680588235262,0.000235947626110934,0.00054375837709223,0.0101091547811625,8.0890188578402e-06,0.0430500401659393,0,0,0.0918269012409333,0,0.0859672977924382,0,0.019745505090466,0,0.0687630095175673,0.0280108509293242,0.0172481062232027,0.0182561499203802,0.0147396861017934,0.110333277854241,4.00645950167817e-06,0,0.0919809643759347,0,0,9
0,0.409370509494676,0,0.107433488111993,0.621224948563836,0.0141278578077192,0.000186178479106955,0.000383077245848752,0.00753986037474785,6.78044293405294e-06,0.0322898875350488,0,0,0.188318629081066,0,0.109764376616,0,0.0378335038955675,0,0.0833404289316609,0.0406126077134851,0.0123352306952269,0.0130658255884689,0.026299929566083,0.206950765673393,3.43267703268415e-06,0,0.174416458714524,0,0,9
0,0.605661809751717,0,0.126157433314693,0.640848024125624,0.01811338100174,0.000197532119347474,0.000526410133401534,0.0124732913544905,8.14916358245251e-06,0.0404865516377661,0,0,0.0872411416043093,0,0.109135642699015,0,0.0158300425115377,0,0.0740982091931203,0.0348575949136586,0.0203331478675645,0.0242279645414651,0.0129275991558109,0.0832462256544023,4.01893838738469e-06,0,0.080234767646594,0,0,9
0,0.51222949568427,0,0.100107633097989,0.554194992347455,0.0143731475162723,0.000156168910969778,0.00038471416663983,0.00901129812307707,7.07296757801671e-06,0.0288966367372682,0,0,0.180776595711896,0,0.146727074066482,0,0.029879792459982,0,0.0978283133641123,0.0450088189636271,0.0142595275928059,0.0171142945918192,0.0226719726177849,0.165690748944068,3.38426844031582e-06,0,0.154048010800606,0,0,9
0,0.616018002603125,0,0.121831611973232,0.740583933581109,0.0154782097362147,0.000204341991578754,0.000573590580692059,0.0149162671483704,8.09962427553486e-06,0.038484976699975,0,0,0.0684173618611936,0,0.141836187145329,0,0.0144937545426748,0,0.0871377869226209,0.0397021524917904,0.0196895260151996,0.0222596499770146,0.0106462500426999,0.0662826539222417,4.36738829239778e-06,0,0.0541299642607373,0,0,9
0,0.528488881348972,0,0.0973016973811197,0.622988944992435,0.0131084225622554,0.00017013049567649,0.000395838613420033,0.0110170372962168,7.20399538354219e-06,0.0260572264066959,0,0,0.127110213694136,0,0.206068620799227,0,0.0243802586279403,0,0.123959891449399,0.055262377963386,0.0143467372883237,0.016244152614891,0.0179412887460107,0.126042744687774,3.64716634722719e-06,0,0.100875477655862,0,0,9
0,0.54474181478719,0,0.0939418321955726,0.774845039522376,0.0108237655629985,0.000190399371445962,0.000566197855233947,0.0195584046962443,7.87550602777123e-06,0.0430192290186543,0,0,0.0550652030998887,0,0.164628737583643,0,0.0171902260153224,0,0.112920094487486,0.0448804269678881,0.0203282598886487,0.0237446432844436,0.0129416603338009,0.051553935903807,3.99639899346768e-06,0,0.051431332441578,0,0,9
0,0.501088897294585,0,0.0765474044765716,0.661661181071039,0.00983297008760838,0.000153863030621809,0.00038660570272432,0.015371078040249,6.26647614515855e-06,0.0280376885906621,0,0,0.10010805484203,0,0.255888959570036,0,0.026923266872215,0,0.164904115380091,0.0645289012532558,0.0156307780156087,0.0184587061548761,0.0193411791673884,0.0970040403831495,3.37235614094936e-06,0,0.0923457602765046,0,0,9
0,0.531581823600733,0,0.0777937733744176,0.891520555730275,0.00841639823680889,0.000185803928543446,0.000564800287699279,0.020501804724684,6.71606939223027e-06,0.0514989957466217,0,0,0.043179107367859,0,0.172727726909227,0,0.0219378806893987,0,0.128315318723715,0.0512258908022418,0.022641472295419,0.0265127482346946,0.0172379603149373,0.0406104976201689,4.23353933287043e-06,0,0.0412606760386435,0,0,9
0,0.494838230207433,0,0.0615835114990775,0.733263425915059,0.00772384510031558,0.000146656007699672,0.000377938281841668,0.0162265204190616,5.65495279240431e-06,0.0315192617654955,0,0,0.0773876371288292,0,0.277726862301572,0,0.0305268331952175,0,0.190643464483148,0.0763193452647993,0.01773129302898,0.0209963901421735,0.0236389062513266,0.0676469381025242,3.40004043917967e-06,0,0.0708294959177058,0,0,9
0,0.460832364428709,0,0.0697930992692815,0.846669860580327,0.00757887908072203,0.000180008031166297,0.000630121001585818,0.0255855409267767,6.95168774590547e-06,0.0606076745937582,0,0,0.0394210833288165,0,0.196730971189232,0,0.0252018178388308,0,0.166548788290857,0.0470802238021911,0.0282412347621274,0.0314603538653196,0.0208241368928621,0.0324347807218784,4.60454904588198e-06,0,0.0366930058944849,0,0,9
0,0.449353088068298,0,0.0551174851212149,0.685956441217029,0.00720698309661625,0.000133870297719238,0.000416288947450066,0.0208360395111819,5.60479412023513e-06,0.0382638469567414,0,0,0.0648908669806442,0,0.295979275675213,0,0.0336195629426061,0,0.241817480335154,0.0718706992300749,0.0228682825207797,0.0256273336162067,0.0274881156731368,0.0505471039803456,3.71184163977824e-06,0,0.0626937772991522,0,0,9
0,0.357250967112383,0,0.0766066867909046,0.970135760519339,0.00671348026297437,0.000173325610378518,0.000676424704979069,0.029502715736341,6.92248801364323e-06,0.0635810556209257,0,0,0.0428330673366749,0,0.171562936029379,0,0.0273244338689409,0,0.1773653782485,0.029723584716425,0.0218403250973248,0.0260859898983965,0.0213069735066593,0.0353244510371491,3.37503016206831e-06,0,0.0458004100640933,0,0,9
0,0.330927613854284,0,0.0572515816737908,0.798316860275364,0.00581014579411512,0.000129474695283118,0.000443445644444848,0.026684944990267,5.72910545895483e-06,0.0453877769860302,0,0,0.0584499357710112,0,0.27389387856133,0,0.0365683357270833,0,0.286750104967018,0.0539367189155799,0.0193879522749984,0.0226698689080813,0.0268250264452148,0.0488590139949702,2.73983155327394e-06,0,0.0684308083480175,0,0,9
0,0.295206004327479,0,0.0753094968000037,1.01274212093672,0.0055049652799041,0.00017414840994908,0.000625518344417501,0.0287496636509088,6.70246267658199e-06,0.0593624322967339,0,0,0.0387478256661023,0,0.164248640113568,0,0.0294468084190195,0,0.157370869842697,0.0275708683004433,0.0212092549890131,0.024940418889029,0.0201044472442438,0.0410726882205102,3.5185485968519e-06,0,0.0530675182726268,0,0,9
0,0.272196371156027,0,0.056547064071482,0.823213110272062,0.00487450261321308,0.000129362481533291,0.000412457932327999,0.0266889443147466,5.58172396969164e-06,0.0434154865309103,0,0,0.0524535928274164,0,0.285418563708095,0,0.0423637740933913,0,0.254080754617289,0.0467781351377496,0.0190021958571534,0.0228127412626598,0.0272431455002112,0.0571791650354756,2.83974022485982e-06,0,0.0738451185916349,0,0,9
0,0.24523537694668,0,0.0698532928308861,0.938378656480744,0.00607245999350116,0.000152837303406027,0.000598598774551626,0.028266449903867,6.84356109024116e-06,0.0530976802414787,0,0,0.0512552044975103,0,0.176000766751516,0,0.0417102628498011,0,0.148540456295881,0.0255572384831228,0.0197195260046068,0.0227490349080586,0.0267171947754729,0.0483929046210063,3.37287221946359e-06,0,0.0668280067477384,0,0,9
0,0.206360091552601,0,0.0491308890354275,0.761207771076297,0.00506324625589419,0.000115901234055861,0.000394848992293174,0.0268517502876502,5.73495778395471e-06,0.0396243610999231,0,0,0.0611031272248276,0,0.260468210125061,0,0.0569853309707909,0,0.227557617219167,0.0392880470713505,0.0181188167866304,0.0204233617074319,0.0342348143762818,0.0593312374491729,2.87733244875795e-06,0,0.0819741488079442,0,0,9
0,0.233967503863712,0,0.0760227966171462,1.03569165643926,0.00544374076000419,0.000145710365433482,0.000575915877778543,0.0239584995822217,6.81388633914069e-06,0.0436578029126033,0,0,0.0598259017087784,0,0.138140854859473,0,0.0544347250926206,0,0.119935220934414,0.0261999763036402,0.0181262502056799,0.0191680839912847,0.0274084350992911,0.0538916903708133,3.25203802570141e-06,0,0.0734718047058671,0,0,9
0,0.197417811517113,0,0.0500078260685719,0.865267508937749,0.00431642070259127,0.00011609370376674,0.000381578162781586,0.0233081234720344,6.13960606670702e-06,0.0334407200683014,0,0,0.0753345721536284,0,0.226970142569225,0,0.0773620801872636,0,0.199071742613493,0.0378791432666169,0.0166626749248572,0.0178613912789546,0.0374018548719186,0.0636098140771733,2.78042895009418e-06,0,0.0947700982563207,0,0,9
0,0.252719938472096,0,0.0832752565717781,1.05092029604728,0.00561409645074266,0.000120779194615288,0.000532599322590394,0.0230088813311769,7.12765101881042e-06,0.0384896547726566,0,0,0.0721701782328882,0,0.104538914813932,0,0.0643714522175522,0,0.107505498957416,0.0318628783126629,0.0177514046626534,0.015212824069513,0.0335169895896411,0.0604951670412421,3.3059865930982e-06,0,0.0714260380633896,0,0,9
0,0.212841002971972,0,0.0513018088995871,0.913475483487045,0.0043243000064397,9.92350574967112e-05,0.000354898558287412,0.0226327483891338,6.19197301150541e-06,0.0283811036238333,0,0,0.0949899940426282,0,0.190818607448438,0,0.0926490190220546,0,0.192718581711108,0.043474354158689,0.0167716921690151,0.0140164029783043,0.0455843301230825,0.0763615884665939,2.85275197434158e-06,0,0.0902818585398701,0,0,9
0,0.247062920393708,0,0.103561620088967,1.10185572403738,0.00712940625834875,0.000112138295197988,0.000540572096169702,0.0235806093875991,6.76189742184882e-06,0.0393805564052948,0,0,0.0904344978964888,0,0.0850923292023977,0,0.0623727695209617,0,0.0889501669127161,0.0351994465021525,0.0173471016165733,0.0146892119125188,0.0319876066075607,0.0813332653262453,3.17772412149885e-06,0,0.0876056742133871,0,0,9
0,0.192665352541302,0,0.0628062993705429,0.965315659026933,0.00514586616208534,9.59825925160154e-05,0.000366854744359842,0.0235972015210371,5.7846769627051e-06,0.027976545050022,0,0,0.116156263462814,0,0.149532394060185,0,0.102460225461944,0,0.158274506866689,0.0457388776497417,0.0159140478472895,0.0137029486490201,0.0465380233442322,0.097894245490946,2.75633845661431e-06,0,0.110227556094901,0,0,9
0,0.254798621669509,0,0.120021436267531,1.02024600882278,0.00772540736401983,0.000105514764020226,0.000655815958217583,0.0199049461780729,7.34086919371755e-06,0.0424415808397593,0,0,0.0991916792163697,0,0.0789830802874974,0,0.0524798635783978,0,0.0842396921619938,0.0331123360708477,0.0155657392068276,0.0127598203087423,0.0280172904196626,0.0912547223591851,2.81333503778342e-06,0,0.102380549437923,0,0,9
0,0.192061087925161,0,0.0762123905006955,0.909409922842944,0.00533641531392366,8.7687625164397e-05,0.000453200334026218,0.0199798361356938,6.50890185066235e-06,0.0301312781941778,0,0,0.123054537234344,0,0.131890622301752,0,0.0881568759738589,0,0.144176509054623,0.0443196400750853,0.0139298266164543,0.0113591560240511,0.0434683849173046,0.113237334206196,2.47369745926561e-06,0,0.129711895926618,0,0,9
0,0.253972505693262,0,0.119515875490125,0.91019865347727,0.00844715294573732,0.000102764799492623,0.000751982185158756,0.0196008337235634,6.31073278711048e-06,0.0442882676515833,0,0,0.10847289200313,0,0.077244493000107,0,0.0413016707716026,0,0.0951502826975265,0.0326659364734156,0.0163838677142524,0.012706139596025,0.0247285202004579,0.103228390462282,2.99052343445541e-06,0,0.122890066922781,0,0,9
0,0.184776381339728,0,0.0813389010470375,0.791878556853543,0.00556436927794981,8.26239399474795e-05,0.000521212450892344,0.0183477938897615,5.46235904215192e-06,0.0319290646655341,0,0,0.129922251663761,0,0.112463153393597,0,0.0724246532104878,0,0.148565710407588,0.0460859656108119,0.0138726833094753,0.01079376609243,0.0402323827433672,0.124561877068438,2.64307487473409e-06,0,0.144525774833015,0,0,9
0,0.276795354372931,0,0.135585554393108,0.998191201739966,0.0116951346321023,0.000106708588063651,0.000717544838068849,0.0177774365767673,6.11866471710645e-06,0.0507520365814167,0,0,0.117482615248541,0,0.0607438254129398,0,0.0254918378299457,0,0.0813719973396735,0.0320815790930806,0.0117298082307347,0.0129446245404976,0.0185906673796373,0.122200524233679,3.14326726234208e-06,0,0.131620085667866,0,0,9
0,0.193997998120484,0,0.101422691714448,0.928097768545746,0.00739797156713264,8.44972535146372e-05,0.000503345285042496,0.0182861717351985,5.15948203763239e-06,0.0364488035084463,0,0,0.137851112314366,0,0.104928388344013,0,0.0497225915469635,0,0.151503085741313,0.0520281919322421,0.0101548131115116,0.0114362156765331,0.032304515688362,0.144462479091844,2.78703074112493e-06,0,0.161727258093827,0,0,9
0,0.320619120808274,0,0.132324241958221,1.03188460732989,0.0140665600099217,9.139055738711e-05,0.000775339175386466,0.017402096439086,6.4393547326473e-06,0.0503502525426036,0,0,0.118659959866695,0,0.0652618957257367,0,0.0174316927452153,0,0.0677929914897137,0.0337762498458499,0.0124523295576896,0.0122297064181478,0.0141973072458915,0.115510495965791,3.41180936645022e-06,0,0.130691479902555,0,0,9
0,0.227592850376391,0,0.105579820588688,0.915819903311493,0.00900325433694505,7.20657070772064e-05,0.000546089679742821,0.0167838077017031,5.48444645716536e-06,0.0346206404680771,0,0,0.16728012387725,0,0.10620275770335,0,0.0336901050235809,0,0.112032506569315,0.0488322018842453,0.0103794601084458,0.0102768053390911,0.027780472617676,0.150900433345603,2.87746856275681e-06,0,0.173333676894269,0,0,9
0,0.416571467818216,0,0.126268714832822,1.02163286508329,0.0156711944016195,8.919008560462e-05,0.000719908398592909,0.0144458388115804,6.6607098630698e-06,0.0469553352577429,0,0,0.105149838987192,0,0.0568835125422725,0,0.015005803554967,0,0.06311627148078,0.0431769106623301,0.011394904594998,0.0121698544252269,0.0123075994151801,0.0930147921712095,3.12003931020426e-06,0,0.102710064381446,0,0,9
0,0.31940504423852,0,0.101655884410472,0.908216172216311,0.0110076948917009,7.25731122079768e-05,0.000496954272319776,0.0128515265600942,5.63553632613377e-06,0.0305517857082727,0,0,0.180452830173857,0,0.0947041884721224,0,0.0252502936254923,0,0.103971056262223,0.0700258774927448,0.0091991695572374,0.00985812040148792,0.021532033496735,0.156345303859225,2.60166417328027e-06,0,0.170459454491855,0,0,9
0,0.496735791200709,0,0.111415691594655,0.923440952662419,0.0154540929407419,8.95071416033615e-05,0.000783285531984768,0.0174714159733827,6.78444414344397e-06,0.0587137379740717,0,0,0.0975385715232964,0,0.06308703033576,0,0.0150800596415624,0,0.0685461516827671,0.0475154051081528,0.016540278092821,0.0141536024070745,0.0122070270906348,0.0789097736057707,3.52024654633072e-06,0,0.0906216295260054,0,0,9
0,0.396125228909627,0,0.0882543902957238,0.8083037164693,0.0113637411281409,6.784501979878e-05,0.00055345534418236,0.0146933047102432,5.54790671888513e-06,0.0363769623807294,0,0,0.189448322749967,0,0.102350056222682,0,0.0257880980494259,0,0.107863655154059,0.0769632626678164,0.0128633953651523,0.0109726909372819,0.0191349490515447,0.132896810703656,2.83744612172229e-06,0,0.157798512607048,0,0,9
0,0.470529142153346,0,0.0999712577875398,0.937209910399567,0.0156298691578763,0.00010100078400049,0.000826655911117296,0.017984384178176,7.69798924639063e-06,0.0648944068602572,0,0,0.094576525780663,0,0.0702300939009289,0,0.0177434337461628,0,0.0744157852188446,0.034579523247551,0.015352363842246,0.015540586891935,0.0130769047251494,0.0912045323138248,3.66272813872702e-06,0,0.0882715392809085,0,0,9
0,0.368452941173963,0,0.0827904866116422,0.829041167212384,0.0112788878623976,7.45654324238259e-05,0.000582699004508462,0.0153399347501104,6.37450480142849e-06,0.0435267714972447,0,0,0.155861510631238,0,0.113850193618976,0,0.0311559800364571,0,0.120770722085089,0.0703397692316784,0.0121649670779588,0.0123907606244994,0.0212607257841212,0.155153125410618,2.97323448428544e-06,0,0.14583898851101,0,0,9
0,0.454685194345363,0,0.102426502415957,0.885674954020861,0.020143603240218,0.000121318442188907,0.000704940812099682,0.0138592109114952,7.24222009808992e-06,0.0682437218044287,0,0,0.0827641336638476,0,0.0786815776929117,0,0.017401476678177,0,0.0874925208238501,0.0343307977608238,0.0195726364678493,0.0167189317251455,0.0152797986427004,0.0886789561091504,4.27200455859563e-06,0,0.0940118670465377,0,0,9
0,0.350995590960519,0,0.0805224109011633,0.793608405393644,0.0147606747475074,8.79268410021497e-05,0.00049679647553293,0.0118098731829949,6.10581639643061e-06,0.0460113279326071,0,0,0.129388696472148,0,0.130005214687775,0,0.0269806136162427,0,0.146871481642877,0.0651368266142673,0.0159144610633878,0.0133067285528507,0.0231442874029869,0.136171862690369,3.49938286857616e-06,0,0.151766217962975,0,0,9
0,0.440948163240948,0,0.0861915169269437,0.915207146928631,0.0224243915541375,0.000130284553474378,0.000826825809280192,0.0154219370340388,8.21929993287215e-06,0.0645312497690119,0,0,0.0730884124145371,0,0.0870260228529169,0,0.0198249499293884,0,0.0904316769459767,0.0305181494342902,0.0227215402777418,0.0166970225025338,0.0199474016381984,0.083722781470664,5.14808913041965e-06,0,0.0877601649886318,0,0,9
0,0.356963107152138,0,0.0683795985196562,0.808203151075752,0.0172433434791672,9.54261577096634e-05,0.000584906084634479,0.0130885582495618,6.85333416818505e-06,0.045809934008551,0,0,0.122923715873853,0,0.135911077438146,0,0.0313129705545827,0,0.139861224450472,0.0619851590093487,0.0185630934323816,0.0134855107787607,0.0300974890376038,0.14993786528776,4.23384816168751e-06,0,0.150811688009823,0,0,9
0,0.416164152788877,0,0.0877797132271974,0.976956763896168,0.0233026830555882,0.000143247539424371,0.000655571788730307,0.0154086458399973,9.01217196801827e-06,0.0618925027542734,0,0,0.0768912710359659,0,0.0775468161162753,0,0.0232837578419299,0,0.0794264075688457,0.0318809185043798,0.0185521228111939,0.0196179707491695,0.0245806559066125,0.0965878886525641,5.08694215792865e-06,0,0.0805141236906272,0,0,9
0,0.327700919236582,0,0.0666926548595051,0.851591819850417,0.0174958618964123,0.000106991135761397,0.000454352358072795,0.0134039219711699,7.42717243765118e-06,0.0435328426002397,0,0,0.120402465625728,0,0.126874363672087,0,0.0369819277403453,0,0.129349946609473,0.0586221698941211,0.0151452573328724,0.016292266325008,0.0400569658131664,0.155501533685614,4.30629839510211e-06,0,0.136537227411665,0,0,9
0,0.487732142257371,0,0.0953357241297398,0.931144555394962,0.0179567047915975,0.000147068009341636,0.000664278492472108,0.0145404452910901,8.44168067581095e-06,0.0577160080009269,0,0,0.0661826939705727,0,0.0775900375114368,0,0.0268739595176834,0,0.0760251490039143,0.0350346306955619,0.0236572741832314,0.0169815500135288,0.0299556197401819,0.0760656313611735,6.06845212893502e-06,0,0.0757014429302495,0,0,9
0,0.403912658747128,0,0.0689749553682731,0.823499328906319,0.0142788436286663,0.000111061021045742,0.000454642688048835,0.0120943477555039,7.06374714675424e-06,0.0396490245223292,0,0,0.113712745015315,0,0.129981197309294,0,0.0430673656351936,0,0.123029548129743,0.0645599332571956,0.0192620624886984,0.0135372178044289,0.0520291258480077,0.131854576389663,5.11103827705572e-06,0,0.134636284356481,0,0,9
