0.0074431962448694,0.59794414736171,0,0
0.00897748672212101,0.663043772861451,0,0
0.0100788864107109,0.794128888523805,0,0
0.0108695322189736,0.805910790872739,0,0
0.0134108621391008,0.844465106617618,0,0
0.0159595646304561,0.902156689045573,0,0
0.0189775438606785,0.984976151620106,0,0
0.0202875349203906,0.990365243062089,0,0
0.0208059416208466,1.08337659802604,0,0
0.0204725773952549,1.17932319114405,0,0
0.0181562816901845,1.2491435145903,0,0
0.0155909300817272,1.21545166840385,0,0
0.0138498227980122,1.2604171062962,0,0
0.0119748963344379,1.2707480150237,0,0
0.00976101192217476,1.28109061966196,0,0
0.00853973563258815,1.33524364914076,0,0
0.00755539036791008,1.30415103690356,0,0
0.00667561775407092,1.37959993048099,0,0
0.00595849246393944,1.36333708964453,0,0
0.00543098558929072,1.26715479205811,0,0
0.00513731134002843,1.32227486191193,0,0
0.0049640687724694,1.25305719561078,0,0
0.00481643275789908,1.24153881398006,0,0
0.00514765377355915,1.24949467040344,0,0
0.00512940065359671,1.17847081592127,0,0
0.00532534321287108,1.15859888394154,0,0
0.0051409592526517,1.12202807109172,0,0
0.00502470813101847,1.05953037463731,0,0
0.00490563051295588,0.970831078851111,0,0
0.00577280151966911,0.912915464381935,0,0
0.00662609612926732,0.944435772272189,0,0
0.00784143685295451,0.971730418181834,0,0
0.00936416767129038,1.04060769927751,0,0
0.0107262733377616,1.05589823671598,0,0
0.0112256915248166,1.13870615194683,0,0
0.0117719663288644,1.09421926135722,0,0
0.0119111326922523,1.02168595085142,0,0
0.0120416557625502,1.11367585282725,0,0
0.0128285293364679,1.05653862727899,0,0
0.0132969257274647,1.02785760623999,0,0
0.0124944471298965,0.929509880174407,0,0
0.0135287894376041,0.994580550723577,0,0
0.0127681434006166,0.946039397750827,0,0
0.013441563122459,0.95904885230902,0,0
0.0155840069228351,0.897423866983005,0,0
0.0152503547643175,0.891483179512651,0,0
0.0169946365378239,0.912150089417232,0,0
0.0179587665523878,1.00616122921544,0,0
0.0201664415163671,0.993684952610075,0,0
0.0212679561621081,1.026836462967,0,0
0.0219733212532826,1.00560828726437,0,0
0.0219224642364136,1.02476707266039,0,0
0.0203009150628051,1.08173422596698,0,0
0.0179577324506244,1.15423276473113,0,0
0.018497297292606,1.09168476207085,0,0
0.0175154823021352,1.09842541047907,0,0
0.017835225345957,1.06321110661288,0,0
0.016528394882069,1.04056252631185,0,0
0.0167963871588234,0.924223403315922,0,0
0.0155721014262315,0.798607117118384,0,0
0.0149542902842381,0.78772500340075,0,0
0.0145075268515139,0.851426170101706,0,0
0.0141129509413395,0.845812193649997,0,0
0.0139477198052878,0.807218022103331,0,0
0.0135712943901516,0.876947352394195,0,0
0.0137150912448672,0.825315591140801,0,0
0.0150417871551226,0.812089110057108,0,0
0.0152219668266336,0.795941791784501,0,0
0.0150328751520194,0.820787088658696,0,0
0.0171770076235784,0.830461267929883,0,0
0.0165192779759528,0.811675516909051,0,0
0.0173502061329488,0.799598010056688,0,0
0.0166717492140925,0.751279675365908,0,0
0.0153098321399484,0.787719640803583,0,0
0.0142865906605937,0.850568469777674,0,0
0.0151903281468397,0.864562086836552,0,0
0.0160902852085008,0.853942698724654,0,0
0.0161559482081021,0.909334677315016,0,0
0.01508652330541,0.894508885522717,0,0
0.0149770300609904,0.832812784743866,0,0
0.0137876771110521,0.769787350386762,0,0
0.0133815769838085,0.757331296313616,0,0
0.0133712200010509,0.743452503141668,0,0
0.0137791194148995,0.777041444873223,0,0
0.0145454747637324,0.772943315991023,0,0
0.015597579985312,0.766702407989104,0,0
0.0137555306750608,0.748967468404491,0,0
0.0126652655383959,0.733163490290045,0,0
0.0130647856393824,0.700170229018523,0,0
0.0121177247355698,0.692607878807071,0,0
0.011606876432065,0.734169081220532,0,0
0.0108057700521648,0.686894561226708,0,0
0.0091926223502025,0.699742466346419,0,0
0.00864897859378147,0.690794352308906,0,0
0.00931289610211936,0.686849506529121,0,0
0.0101260770707406,0.660455084288593,0,0
0.00959088804770615,0.712098064493058,0,0
0.00946727410138156,0.692289828944025,0,0
0.00889626293407504,0.707502910859892,0,0
0.00904897492015865,0.66504389373859,0,0
0.00924563684753401,0.669045701467932,0,0
0.00953744300702109,0.703252125896368,0,0
0.00907321925983775,0.696309046020173,0,0
0.00889552333997351,0.682392185568654,0,0
0.00954220759760465,0.667626149367237,0,0
0.00934733670585027,0.685568218745123,0,0
0.00873901063054582,0.700553996618133,0,0
0.00859488089562113,0.68225024987204,0,0
0.00780613893202695,0.731808527126548,0,0
0.00844251668624731,0.654393083561454,0,0
0.00858320188211419,0.712155083593108,0,0
0.00925914140309582,0.706355702238353,0,0
0.00818866251992707,0.613396361578733,0,0
0.00753547249746343,0.616300877269182,0,0
0.00672884399749251,0.602734906598624,0,0
0.00689088356788133,0.610453449902041,0,0
0.00722616299372774,0.581919287478679,0,0
0.00651367467173498,0.630838239274666,0,0
0.00586626545513947,0.61167602756092,0,0
0.00578790383697539,0.581957967176692,0,0
0.00531386419759357,0.612204593155242,0,0
0.0049542311749908,0.600690938262996,0,0
0.00504185718406016,0.60585803935681,0,0
0.00527059957983653,0.637380154835961,0,0
0.00546761319332896,0.651702826733124,0,0
0.0057027101013845,0.622068909330937,0,0
0.00540400222491874,0.622508146316435,0,0
0.00587728214709453,0.631039147829272,0,0
0.00591924780915854,0.643205347580511,0,0
0.00646258362483257,0.659930159077483,0,0
0.00708583084805309,0.664296528084501,0,0
0.00750119535569638,0.69323140633536,0,0
0.00812202988562395,0.653937694397615,0,0
0.0077145285616546,0.630044999251644,0,0
0.00749557259807016,0.696278396814395,0,0
0.00752727223004977,0.712254312396659,0,0
0.00676284745559406,0.736790733962621,0,0
0.00603053939631467,0.771983674992686,0,0
0.00642589703426249,0.806996022959412,0,0
0.00606436401214879,0.864069543644868,0,0
0.00623426609194918,0.899483209077634,0,0
0.00655552997354098,0.906559079974151,0,0
0.00659145597649385,0.919688978989278,0,0
0.00668757101339024,0.892137273004326,0,0
0.00609177177587717,0.89838855286654,0,0
0.00564837918178321,0.934570203856593,0,0
0.00615672705264128,0.884688904398004,0,0
0.0063709228307362,0.894739459937332,0,0
0.00675121259520086,0.876007789626174,0,0
0.00686709283304177,0.946538310993827,0,0
0.00683508835409577,0.904237733646847,0,0
0.00716214797859258,0.887578934942457,0,0
0.00745689991766044,0.880997148906279,0,0
0.00668849029464504,0.962652607705156,0,0
0.00650332296564749,1.00988393783268,0,0
0.00599935241416592,0.920510262112093,0,0
0.00596066709003307,0.946650048814042,0,0
0.00550493808763731,0.96206251843337,0,0
0.00566380593655575,0.944378137032751,0,0
0.00580558121706233,0.847818352210767,0,0
0.0062391578743059,0.771162732254144,0,0
0.00643529459573179,0.748928775190123,0,0
0.00712927334143286,0.801240730164132,0,0
0.0067264027740937,0.784660312494821,0,0
0.00669447381082767,0.79453618228667,0,0
0.00672863516363863,0.802265681986244,0,0
0.00716612049543317,0.836033257340108,0,0
0.00710565140434878,0.841262651132796,0,0
0.00623838236613878,0.963415845467821,0,0
0.00638592788850753,0.905344684331508,0,0
0.00610340090665342,0.897332762382782,0,0
0.00562884803674311,0.798513518411294,0,0
0.00615337558663014,0.754171374993796,0,0
0.0061967078329708,0.741266104905139,0,0
0.00590302438892795,0.823868069916723,0,0
0.00578027214353052,0.746344885674488,0,0
0.00607687468536486,0.653472121932403,0,0
0.00600677408690848,0.68999674517422,0,0
0.00551289512113185,0.686900692028801,0,0
0.00559694523955981,0.738078406980702,0,0
0.00619399893233688,0.736220268929572,0,0
0.00603101230664275,0.722351789065701,0,0
0.00621743009323317,0.713426395711241,0,0
0.00615616492365391,0.779701702558814,0,0
0.00575857679317753,0.856123873286891,0,0
0.00559420607889692,0.807328731102736,0,0
0.00547020798010033,0.792862899377265,0,0
0.00568688382386836,0.895877228284802,0,0
0.00605929575582002,0.886178363232159,0,0
0.00650287033674726,0.811312389129605,0,0
0.00636376645233771,0.75123769491239,0,0
0.00683592390397035,0.769535307538104,0,0
0.00717065268930132,0.879268914408674,0,0
0.00682559347124439,0.890411118685758,0,0
0.00720136636916386,0.834303133430016,0,0
0.00793137471649273,0.874300909183591,0,0
0.00749659015219359,0.892292543653042,0,0
0.00725029262099334,0.931337850414695,0,0
0.00694480608545741,0.992929443026188,0,0
0.00613967303252879,1.12112233238231,0,0
0.00592433199133722,1.09060854289345,0,0
0.0057906000557527,1.01504703604758,0,0
0.00544570384502698,0.990251859984502,0,0
0.00506820501198356,0.99861403927581,0,0
0.00459185373157608,0.932920976905756,0,0
0.0047719012064301,0.929109879296712,0,0
0.00536705073529605,0.874118907732015,0,0
0.00586853377475975,0.739017177871425,0,0
0.00644004415738781,0.765989130081405,0,0
0.00721555030715693,0.769376952839303,0,0
0.00694185066460564,0.719712223311954,0,0
0.0066049932014812,0.708050211015535,0,0
0.00729346199913716,0.634690180578353,0,0
0.00722764796103549,0.701946902396093,0,0
0.00767154581958945,0.717359762907215,0,0
0.00740878722122528,0.711813947712468,0,0
0.00754135613704561,0.666594822531306,0,0
0.00762864849727278,0.677466498297224,0,0
0.00801846664384394,0.669828503391477,0,0
0.00829671708614695,0.645323179068393,0,0
0.00799579329751854,0.602624022271813,0,0
0.00786420359829234,0.618241321003562,0,0
0.00792876833766789,0.609994954389124,0,0
0.00773367893186669,0.597291170560528,0,0
0.00793636093324414,0.579216928391311,0,0
0.00940773708910123,0.560550277700484,0,0
0.0102241988426336,0.600380788552581,0,0
0.0101226388016042,0.67001394552068,0,0
0.0110682372640865,0.704960438488389,0,0
0.0114929026411116,0.718171962738036,0,0
0.0114718061562119,0.687176999257342,0,0
0.011620873737538,0.726855884223913,0,0
0.0120780508554622,0.733544591839963,0,0
0.0116238678329444,0.765375659046237,0,0
0.010347802673534,0.799363164594013,0,0
0.0105059140763404,0.830485812572817,0,0
0.00999869407833504,0.827595276867422,0,0
0.00976150743707236,0.881375256910807,0,0
0.0101441072236638,0.882923857453001,0,0
0.0103189150884171,0.938724702038063,0,0
0.0100503309329827,0.911087704410953,0,0
0.0089745970698897,0.946987646065614,0,0
0.00845538463321978,1.11180863600893,0,0
0.00811787238934164,1.0478631782931,0,0
0.00771515934324853,1.09798563403634,0,0
0.00864488930781764,1.08626283021668,0,0
0.00888671314762191,1.0570747226885,0,0
0.0095895640203066,1.12547048289576,0,0
0.00975383041904504,1.0802363505577,0,0
0.0104194832262326,1.11416211811474,0,0
0.00985275362144165,1.16102789173098,0,0
0.0103894000109785,1.08916906477756,0,0
0.00947499052494916,1.07779588785321,0,0
0.00954574151262163,1.08898896440676,0,0
0.00902181463824189,1.11651933541224,0,0
0.00851091947903477,1.20949068966936,0,0
0.00841610651309588,1.15641615563486,0,0
0.00840548639416239,1.03140552934807,0,0
0.00862941764815225,1.04541876910109,0,0
0.00965714877170179,0.963466282176077,0,0
0.0090013694592741,0.969744002856922,0,0
0.00846956773250859,0.972110881077641,0,0
0.00809134916456413,1.01551979721498,0,0
0.00796050468077154,0.975481017054998,0,0
0.00717556014855849,0.915792468989452,0,0
0.00767118608115553,0.799646770541282,0,0
0.00755059498560031,0.916767339213959,0,0
0.00795608416364282,0.905287499591935,0,0
0.00789711665329159,0.888862300447531,0,0
0.00768446486542059,0.875672882510313,0,0
0.00730978257953464,0.85156565356188,0,0
0.00730888289477094,0.852115331383339,0,0
0.0068845400214607,0.818970665312176,0,0
0.00713224999201064,0.801958623045939,0,0
0.00637567544096113,0.736139394441478,0,0
0.00631879463959691,0.722949127061794,0,0
0.00590724714755662,0.685716286327457,0,0
0.0059628874854677,0.671985625672494,0,0
0.00563466127509821,0.741256986033862,0,0
0.00584312257144719,0.765067520792702,0,0
0.00592538088433282,0.722376277507837,0,0
0.00608604489950153,0.768056457233601,0,0
0.00635914529152989,0.759533481561836,0,0
0.00633744526942073,0.804943297653684,0,0
0.0062957454215254,0.782479900267776,0,0
0.00670472720773526,0.742942818249042,0,0
0.00763566616553263,0.731410713580437,0,0
0.00873542665364502,0.682348495213806,0,0
0.00921715188582078,0.759589250410592,0,0
0.00974808132850276,0.753572194240966,0,0
0.00992511510409118,0.77789124897434,0,0
0.00895255388183021,0.740234033462961,0,0
0.00882795546258621,0.729025894506386,0,0
0.00787724233444854,0.671760499900748,0,0
0.00856491580293501,0.658008562269508,0,0
0.00908136967052383,0.664928928604358,0,0
0.00934585180742186,0.671210801924214,0,0
0.00871922398127305,0.669056261485287,0,0
0.00791411523354944,0.678488946743458,0,0
0.00783559885760693,0.674009059413489,0,0
0.00761040103420038,0.669452154439497,0,0
0.00672650502658847,0.708046404719102,0,0
0.0058526549876766,0.745120332781641,0,0
0.00542537708678799,0.735260381261113,0,0
0.00503629232783662,0.749948432897203,0,0
0.00484603328312539,0.757552181217546,0,0
0.00456562368001565,0.740833816109708,0,0
0.00445966983970117,0.730364706280824,0,0
0.00570412104142542,0.71524672701887,0,0
0.00641564894298203,0.767947003403101,0,0
0.00645905157879349,0.763067791356579,0,0
0.00668516295590654,0.771172782012247,0,0
0.00684351048124898,0.768085157843297,0,0
0.00733448313177194,0.775535466860901,0,0
0.00710352065627319,0.84100542004158,0,0
0.00693715768267532,0.88230081341206,0,0
0.00618541996515273,0.833080124461134,0,0
0.00557048716929662,0.84947818947067,0,0
0.00499871433240515,0.854002195150486,0,0
0.00519138068401072,0.816903450576211,0,0
0.00571214805234546,0.74281121624725,0,0
0.00538330144705154,0.730171333160153,0,0
0.00578882142941462,0.712085795262798,0,0
0.00598491879069406,0.702862624602124,0,0
0.00581465892907804,0.698362097895494,0,0
0.00588219898306624,0.679402204171932,0,0
0.00592816593574798,0.710597407737895,0,0
0.00674725322154988,0.751026557883972,0,0
0.007355685947897,0.75150652689994,0,0
0.00803381423003591,0.774351131880281,0,0
0.00931467174243262,0.74429679946778,0,0
0.00902525502153771,0.769502457106037,0,0
0.00903081682731025,0.763221337581007,0,0
0.010099789569868,0.801053368329809,0,0
0.00959130282241615,0.788524266672422,0,0
0.0090826297962887,0.798746024833115,0,0
0.00863337794137596,0.783996308289966,0,0
0.00870261572272176,0.727772823649907,0,0
0.00883877184652563,0.715285220394781,0,0
0.00917347878850727,0.778525867853133,0,0
0.00917235058901864,0.828111308144538,0,0
0.00967405868527971,0.858366744431554,0,0
0.00886811288269396,0.825028174258091,0,0
0.00829431674015492,0.827575841302015,0,0
0.00950218713354779,0.80523256140981,0,0
0.0094770276252411,0.745180104847037,0,0
0.0093184563083951,0.751726938657723,0,0
0.00915683609703794,0.691879640213167,0,0
0.00923949154532105,0.725417859164988,0,0
0.00932248336110576,0.734606184344718,0,0
0.00983043226224386,0.769805398447965,0,0
0.00936871106035899,0.735863717825372,0,0
0.00863424415600666,0.741753590640966,0,0
0.00890215815137026,0.6997691914633,0,0
0.00770327258402044,0.715775291185925,0,0
0.00838093001695956,0.690288819578175,0,0
0.00897630707018798,0.636570925076257,0,0
0.00945301125222768,0.612093672687353,0,0
0.0093162860695105,0.684898280400411,0,0
0.00930813265347498,0.667159879054739,0,0
0.00980050184374711,0.665686738875529,0,0
0.0112205678329132,0.623453871127621,0,0
0.0116191275928813,0.590734593658981,0,0
0.0110639694606769,0.607640632701899,0,0
0.0116326417961098,0.686255495875134,0,0
0.0120448769030399,0.707400005105456,0,0
0.0128529805533856,0.666391915058861,0,0
0.0123465689444128,0.684961626441338,0,0
0.0130796465096158,0.688964265293177,0,0
0.0128993296087548,0.696833112290347,0,0
0.0106790254621883,0.677739309663364,0,0
0.0104746298627713,0.627560375709952,0,0
0.0105536170851435,0.621445010386638,0,0
0.0106966569309088,0.671728549623909,0,0
0.0105672232682839,0.688847458141954,0,0
0.0109986916243138,0.720132919361995,0,0
0.0108739230246262,0.654267704016142,0,0
0.0103502486852727,0.661826561852346,0,0
0.00910081260299455,0.663745352886983,0,0
0.00875576259221235,0.691806719173698,0,0
0.00803793907395476,0.718768190348357,0,0
0.00853873735115696,0.786277640455628,0,0
0.00843904173753159,0.817462256025103,0,0
0.00925770666010205,0.744978185058307,0,0
0.0106264257572575,0.709753968184537,0,0
0.0112111812175468,0.704540019572959,0,0
0.0107608957694554,0.68225987921503,0,0
0.0113059137048687,0.698705834367733,0,0
0.0119316111666587,0.796180044995787,0,0
0.0109895330275344,0.732695819120156,0,0
0.010230495854985,0.757697804220564,0,0
0.0096859971342772,0.743835625350134,0,0
0.00933821619181713,0.733099185981542,0,0
0.00970229659220331,0.736017683170622,0,0
0.0096323622181992,0.847758666309616,0,0
0.00932626500124101,0.828497405019237,0,0
0.00937730187869225,0.77113942254352,0,0
0.00972885919254927,0.711315541079635,0,0
0.010566681268831,0.714344406175605,0,0
0.00996388390196574,0.713089410950479,0,0
0.0102674131777697,0.706317257215561,0,0
0.010770690592706,0.71402816669294,0,0
0.010985146463392,0.662470244232946,0,0
0.0105839711422385,0.611912712569135,0,0
0.0103093653011487,0.629761300017884,0,0
0.0105002348657122,0.589617005649439,0,0
0.0102560159369134,0.626319606460264,0,0
0.0101284255722817,0.591058882844899,0,0
0.0103102802468937,0.614730391495577,0,0
0.0103082727652559,0.574426030610954,0,0
0.0105216590565277,0.564878867809735,0,0
0.0109972738738396,0.553293059747004,0,0
0.0120736648241809,0.589060831990951,0,0
0.0144402183207799,0.628467087630247,0,0
0.0124212469044292,0.625001431560101,0,0
0.0133737759363917,0.618926589361226,0,0
0.0131380016272748,0.703571439556154,0,0
0.0143019788414794,0.705626637761324,0,0
0.0145502428130841,0.700542001023317,0,0
0.0143036043919745,0.740109450747777,0,0
0.0130085775459293,0.775248434392463,0,0
0.012458748199938,0.768843501661085,0,0
0.0123060803794695,0.744365153587981,0,0
0.012573726166001,0.769363196319727,0,0
0.0112306183875166,0.832348107538107,0,0
0.0107017922157777,0.821837560975927,0,0
0.0101025864723784,0.802804274113331,0,0
0.00953257557344652,0.812714423080078,0,0
0.00970592995683275,0.788951947361434,0,0
0.00963498433995391,0.790928923470767,0,0
0.00858977928148188,0.830154318386298,0,0
0.00831854811838925,0.776459256502215,0,0
0.00795140400794763,0.810328595902795,0,0
0.00751054735723463,0.833238259473039,0,0
0.00671027752016751,0.793251182483744,0,0
0.00642414097686848,0.791194336426936,0,0
0.0069202139281487,0.802249387731641,0,0
0.00604530051906651,0.779331194994447,0,0
0.0063226315758056,0.739610420181978,0,0
0.00622726337708613,0.713126216671913,0,0
0.00615849358364949,0.735279618721492,0,0
0.00641906211668059,0.741924865420773,0,0
0.00662010457086623,0.732870251045474,0,0
0.00629529114559921,0.736166294048381,0,0
0.00630880795075128,0.798047442758603,0,0
0.00690946763559006,0.810637427755609,0,0
0.00644473455760316,0.780319609082109,0,0
0.00590934935728073,0.803640324235753,0,0
0.00519307675417981,0.807646404181463,0,0
0.00541492201596959,0.810232476553693,0,0
0.00527581628001435,0.82003235258133,0,0
0.00534507871120271,0.822487182168843,0,0
0.00569709593492094,0.802241328600453,0,0
0.00530920010028863,0.766079363761628,0,0
0.00524593507587612,0.779484069905587,0,0
0.00553086640894212,0.793648165000185,0,0
0.00578184692517484,0.716671732387721,0,0
0.00606574026182276,0.653915326060174,0,0
0.00627699753742995,0.731305709718169,0,0
0.00583001466048919,0.679462281165604,0,0
0.00599601673499711,0.655044288455592,0,0
0.00540670216881505,0.743452115161475,0,0
0.00537704226264919,0.774831828103284,0,0
0.00536130738009745,0.747421246124357,0,0
0.00493920301988858,0.671942862993579,0,0
0.00496415458403381,0.637204666024291,0,0
0.00521779453410585,0.615008336350483,0,0
0.00508907025215783,0.635934813985673,0,0
0.0050564165025514,0.648405639614979,0,0
0.00478706855609585,0.645290138574459,0,0
0.0051029421002044,0.655578280630116,0,0
0.00524393702618481,0.727532996657724,0,0
0.00488948759270009,0.774606151833566,0,0
0.00504557077909771,0.778787889937707,0,0
0.00496788851445036,0.782057896047452,0,0
0.00478219150161971,0.784305288640803,0,0
0.00449817873045076,0.787039176014445,0,0
0.0045116377842062,0.83072653091748,0,0
0.00469124672077133,0.826879408479322,0,0
0.0042111704386683,0.78792011502168,0,0
0.00415576589972926,0.81597869283993,0,0
0.00421977238388983,0.892259570403073,0,0
0.00454160288322755,0.8679512919243,0,0
0.00539253850033125,0.818324436604271,0,0
0.00531024750015869,0.739819227837494,0,0
0.00557838170753469,0.601084688521282,0,0
0.00535933307561094,0.623579474075947,0,0
0.00549954995064891,0.625037442891755,0,0
0.00628790999668636,0.560303431479881,0,0
0.00616699586870689,0.632374424903149,0,0
0.00579823820154751,0.610628632786805,0,0
0.00601135859976634,0.636610381150212,0,0
0.00572568343154025,0.671126582433242,0,0
0.0053358471179835,0.662780542794191,0,0
0.0050832658810441,0.586209922917319,0,0
0.0051229368026854,0.639634976570354,0,0
0.00528407334611317,0.608994501153951,0,0
0.00481186794090428,0.591724142224456,0,0
0.0048177983544569,0.65140802804463,0,0
0.00498571638337926,0.692471120099663,0,0
0.00487159142029303,0.678085781124178,0,0
0.00467032182899329,0.632735479751684,0,0
0.00472989156199758,0.596356629706191,0,0
0.00477709651663475,0.637632617083626,0,0
0.00461840352304473,0.602599305405019,0,0
0.00504513448478313,0.611374383079651,0,0
0.00479596071662409,0.644745417949152,0,0
0.00474090812917042,0.680256801217688,0,0
0.00476287659738482,0.716248906354712,0,0
0.00486466592160316,0.716840790714166,0,0
0.00466561602535558,0.670616882622271,0,0
0.0041605103431091,0.715629694175005,0,0
0.00393608433558491,0.742195584855817,0,0
0.00383733848551693,0.715115155837686,0,0
0.00400216038461576,0.735653306824708,0,0
0.00449885833886223,0.753094342753223,0,0
0.00506662247882144,0.831059690675351,0,0
0.00517761486897496,0.872817504131672,0,0
0.00529200088004602,0.893014487141537,0,0
0.00541548414571974,0.886538799308889,0,0
0.00504888805410696,0.810530716177425,0,0
0.00501903813487487,0.779379834562036,0,0
0.00544620411228381,0.727505643810901,0,0
0.00551447286031536,0.736566415790722,0,0
0.00553310268164082,0.771770581857322,0,0
0.00551415109353545,0.81167070077462,0,0
0.00555512683522728,0.825233385642905,0,0
0.00546653939845542,0.804254138677338,0,0
0.00535133777531066,0.734814465207277,0,0
0.00612874370975954,0.757879376308779,0,0
0.00615465452379817,0.699761469961371,0,0
0.00607372899462478,0.767076957870507,0,0
0.00654987764985166,0.760981637090145,0,0
0.00694617642581115,0.773611307777765,0,0
0.00740689938314993,0.708285965005457,0,0
0.00763425575568207,0.75084294702509,0,0
0.00770989642779966,0.814899130788319,0,0
0.0075057667703958,0.794386894444188,0,0
0.00709342124880669,0.772181200955869,0,0
0.00693428685189752,0.722146914114689,0,0
0.00660537052626202,0.685216586816677,0,0
0.00656517354529399,0.705613121967613,0,0
0.00635580018658961,0.732592586978949,0,0
0.00603033182958601,0.743461013419895,0,0
0.00577432472555535,0.696924854363122,0,0
0.00596121855009922,0.677675962771153,0,0
0.00630209024565171,0.687671272064446,0,0
0.00718971954431811,0.71543354899141,0,0
0.00726368051284083,0.701169676983482,0,0
0.00725237902261115,0.690058513651675,0,0
0.0072300808512534,0.622117369900925,0,0
0.0077942803612626,0.577991362293405,0,0
0.00808433122833003,0.564501326951304,0,0
0.00842721747452623,0.544830587211344,0,0
0.00927398627107425,0.486176591840077,0,0
0.00895237805920923,0.489662462578553,0,0
0.00891222326122998,0.481291074438192,0,0
0.00990057934199132,0.473925081245522,0,0
0.0102318971064737,0.492914807601831,0,0
0.00928710963504021,0.557235650276508,0,0
0.00833891620736295,0.594377529165252,0,0
0.00743367698096816,0.638556288613309,0,0
0.00712848131078083,0.621385652272463,0,0
0.00673926649997484,0.630988346182514,0,0
0.00647148977696676,0.655376661821431,0,0
0.00609540391647956,0.690884445896116,0,0
0.00588934017007988,0.744177930079891,0,0
0.00519500987868816,0.663016711970919,0,0
0.00507924481004995,0.682909629299666,0,0
0.00526156865431481,0.703653094536126,0,0
0.00543102318298867,0.673791169115722,0,0
0.0050972024424413,0.704134455933216,0,0
0.00450532762721031,0.676596435725041,0,0
0.00438597890183971,0.618085851449282,0,0
0.00449092472481105,0.606091231966967,0,0
0.00471151610025012,0.601674981264716,0,0
0.00413677819693592,0.652138760834332,0,0
0.00395420405095631,0.64622800576219,0,0
0.00398411981990807,0.615837310543415,0,0
0.00390571128691501,0.618532953108183,0,0
0.0040338904705175,0.703904502231481,0,0
0.00385767060836536,0.68134906091251,0,0
0.00371029028399838,0.670621255494126,0,0
0.00375364027449067,0.607318318253143,0,0
0.00414831862087022,0.580868477897782,0,0
0.00463995318965486,0.567871974149202,0,0
0.00510860130797204,0.599754715178002,0,0
0.00592368208002341,0.586187420908724,0,0
0.00609495406373877,0.667820350218955,0,0
0.00595474857368262,0.654493996672733,0,0
0.00585010705261743,0.667286638177229,0,0
0.00613000197055306,0.655455704125601,0,0
0.00577143669214663,0.619672288562714,0,0
0.00587291957328577,0.636852688929196,0,0
0.00551904519460345,0.631523889659342,0,0
0.00510455053879992,0.632960847880337,0,0
0.00487047374473017,0.580779513695572,0,0
0.00465927551296589,0.588408351940095,0,0
0.00484198915496109,0.575136754373099,0,0
0.0044203785434944,0.594559876746336,0,0
0.00511085270569944,0.604585789864322,0,0
0.00523857755716012,0.579015415746369,0,0
0.00617824996243125,0.526971566981121,0,0
0.0067624761804077,0.528826146299234,0,0
0.00761831989633303,0.545847884445684,0,0
0.00910592070342869,0.600657375381608,0,0
0.0103888027898956,0.581548281373273,0,0
0.012024837816332,0.601904026847149,0,0
0.0127992105664038,0.656215582380527,0,0
0.0129916602061942,0.675341994962951,0,0
0.014219021925009,0.689184416276993,0,0
0.0145499737025724,0.698678515360051,0,0
0.0143893551826996,0.66562019974066,0,0
0.0134921074243413,0.64187171199646,0,0
0.0135310884463409,0.656923334321768,0,0
0.0129101983659098,0.665353450818407,0,0
0.0122219660903813,0.646071528808905,0,0
0.0114246737838982,0.605370057728203,0,0
0.0126008004475454,0.563631533819455,0,0
0.0136307654386767,0.601654215015151,0,0
0.0139409259643585,0.617867781050112,0,0
0.0136426534079951,0.635434528400882,0,0
0.0131059241078676,0.650926386919104,0,0
0.0125032176565684,0.647624988993567,0,0
0.0127231233044714,0.618967109594869,0,0
0.0137558416432453,0.576015910068535,0,0
0.0152629958861568,0.568937868230789,0,0
0.0165334301978822,0.564877983390861,0,0
0.015696437816657,0.585118057466355,0,0
0.0156831562149075,0.699754741394691,0,0
0.0155135098380009,0.716995656877103,0,0
0.0143331136670487,0.745585040233179,0,0
0.0141338491111366,0.713328234477561,0,0
0.0136211478186342,0.69007063229145,0,0
0.0143638241727534,0.637719205497422,0,0
0.0150585667761653,0.620110860479757,0,0
0.0169651907817284,0.607101196090708,0,0
0.0164129009478413,0.597449988209571,0,0
0.0168449910839691,0.560410568962734,0,0
0.0149358401589408,0.550553884855342,0,0
0.0135752597598648,0.57377433825864,0,0
0.013918747531054,0.621110723056318,0,0
0.0138761196020971,0.616220143253338,0,0
0.0144013799196387,0.692260050956266,0,0
0.0145254340266277,0.669773779969622,0,0
0.0156090318036545,0.695758472704286,0,0
0.0151044436312988,0.710292974738856,0,0
0.0154999266635405,0.778315898939381,0,0
0.0144562046029269,0.775804284868336,0,0
0.0158457293058527,0.826404458116138,0,0
0.0147661601169922,0.811437389586886,0,0
0.0144938327009213,0.719304777729886,0,0
0.0128503425020779,0.701210974168786,0,0
0.0134008664543901,0.67918819473246,0,0
0.0128919172577422,0.724285182634741,0,0
0.0131014595041303,0.697051319150784,0,0
0.0127020400315209,0.731471516183598,0,0
0.0128567811031545,0.683428252419054,0,0
0.0120274307739332,0.729147937392527,0,0
0.012226123173675,0.72200457416894,0,0
0.0119540787477777,0.816726796632139,0,0
0.0124365500433073,0.819953032271865,0,0
0.013245559822994,0.741276642942173,0,0
0.0141998163837275,0.755822430337807,0,0
0.0144450683432419,0.811649166097817,0,0
0.0156188702526248,0.723377502820977,0,0
0.0153775613200136,0.753210336358017,0,0
0.0145151434061701,0.786446235969384,0,0
0.0144111803396306,0.780526920274135,0,0
0.0151098318108542,0.810453049055865,0,0
0.0146910058931739,0.813149274719955,0,0
0.0138681524559819,0.788862560605216,0,0
0.0140498599387712,0.73695886179135,0,0
0.0142078101393591,0.657931111566348,0,0
0.0164139302247988,0.657337201380953,0,0
0.0170037864299219,0.666943407463173,0,0
0.018066393245069,0.674889467389911,0,0
0.0180350986025839,0.754036349347879,0,0
0.0177743345963091,0.746657911588445,0,0
0.0187071643413218,0.810753911652442,0,0
0.0173878423906372,0.8451724105043,0,0
0.0172958712820467,0.834273742348088,0,0
0.0183607598647292,0.775803823445064,0,0
0.019076324193751,0.770352522407791,0,0
0.0175283020975161,0.758851180133127,0,0
0.0166155426280112,0.76847034483022,0,0
0.0150704933536967,0.760164005744191,0,0
0.0149436219256709,0.721153656523605,0,0
0.0150447222557071,0.700569448483925,0,0
0.0142041150287176,0.696401925320175,0,0
0.0149611117157401,0.695983842020317,0,0
0.0158595666826159,0.761354079627717,0,0
0.0152081439196852,0.699188787897985,0,0
0.0138445387649656,0.71989374942207,0,0
0.0131523448234807,0.746500314596216,0,0
0.0119078089368873,0.774897660348226,0,0
0.0113330945620055,0.788063986021865,0,0
0.0105176565073682,0.751864186200698,0,0
0.0100067986818285,0.746473477530549,0,0
0.0105326502154051,0.770815745336942,0,0
0.0109952702128338,0.714984202394904,0,0
0.0101909969801847,0.721362852834784,0,0
0.0105949298792528,0.74181998706048,0,0
0.00991767346681135,0.735723450212924,0,0
0.00963180790306588,0.772702350530404,0,0
0.00981947589726958,0.773266266949403,0,0
0.0102381290658799,0.706985591228708,0,0
0.0104596163087973,0.718365135120715,0,0
0.00943166909435554,0.749876046644415,0,0
0.00825683381445361,0.705065194585527,0,0
0.00838855048187165,0.742573069795279,0,0
0.00850328926118817,0.770440069234828,0,0
0.00850013194465491,0.751893934265148,0,0
0.00871914086088101,0.763121352775353,0,0
0.00949489493915735,0.685037350375425,0,0
0.00878275626250989,0.660122149207706,0,0
0.0094269765124587,0.654955590476397,0,0
0.0110120704115625,0.589095834160847,0,0
0.0123682797269679,0.624631049609316,0,0
0.0133936359365776,0.696884534390969,0,0
0.012966146305223,0.702570429085699,0,0
0.013401270069131,0.716758154532242,0,0
0.0139263926083012,0.741189480060682,0,0
0.0134286358744058,0.740937473374506,0,0
0.0130152994910891,0.722984415761355,0,0
0.0122357886701418,0.68060237441163,0,0
0.0108712468053065,0.701604976526109,0,0
0.00997996707547231,0.753244966275297,0,0
0.00937045346524499,0.700551079131251,0,0
0.00953677474760563,0.691309208022413,0,0
0.00903554030766903,0.640431307757316,0,0
0.00824082383713006,0.656476666549306,0,0
0.00788244161497394,0.615754281488383,0,0
0.0078362564851887,0.623281199939773,0,0
0.00703268353881738,0.629520619521597,0,0
0.00704702865007228,0.603940296112465,0,0
0.00758672082395631,0.692580202012724,0,0
0.00877659992490105,0.724389401187719,0,0
0.00874455350180214,0.829643125624124,0,0
0.00864620257657639,0.72372568318527,0,0
0.00847763616207321,0.739536872028831,0,0
0.00785402184211108,0.776777707834677,0,0
0.00768631524424938,0.852480597927341,0,0
0.0084268681584795,0.806380319061802,0,0
0.00918382951401073,0.781189419558544,0,0
0.0087413072605501,0.71938906121087,0,0
0.00822668184475582,0.706000859172138,0,0
0.00857732094376942,0.744905220039558,0,0
0.00780681792981245,0.715252967973683,0,0
0.0084485773492247,0.749416376325351,0,0
0.00817969023209459,0.805125341103932,0,0
0.00765123311220883,0.787793622066588,0,0
0.00739296404532101,0.767727910481015,0,0
0.00705022316488004,0.76236424350517,0,0
0.00672551576239706,0.783793021322132,0,0
0.00712527262217333,0.853653060384768,0,0
0.00791623432665857,0.815763019788344,0,0
0.00818700307498916,0.815301225366043,0,0
0.0080338737592474,0.825903072785466,0,0
0.00778135181241339,0.89469188163795,0,0
0.00840656476265058,0.871742137915699,0,0
0.00846578499152368,0.826067570012514,0,0
0.00886233925593378,0.786039024984809,0,0
0.00860401736278757,0.786741677678497,0,0
0.00906989933796443,0.766266606551567,0,0
0.00925697145316575,0.768631742267653,0,0
0.00889257290622795,0.780438757289854,0,0
0.00883914201406245,0.734340580297189,0,0
0.00891889682341849,0.727164219055662,0,0
0.00940223080348061,0.707698123829684,0,0
0.00962854264974996,0.700807471240397,0,0
0.00922987290690395,0.726585861967179,0,0
0.00962332430132926,0.644888296533001,0,0
0.00962448376930396,0.635840496063089,0,0
0.0096104375616036,0.656220687411801,0,0
0.00895447108925205,0.623521796912934,0,0
0.0100023265900713,0.617888926066243,0,0
0.010460088791954,0.592379947422758,0,0
0.0124621721049901,0.644985565115249,0,0
0.0124447911133434,0.623268522482756,0,0
0.0118714531629087,0.677061278255674,0,0
0.0123127113189864,0.635167748050367,0,0
0.0129162027205784,0.6098924255277,0,0
0.0127664188395476,0.590528930489949,0,0
0.0134391111648527,0.65079235932893,0,0
0.0126352117373043,0.623220115036851,0,0
0.0141306546867197,0.654889625252943,0,0
0.0134110150491262,0.661833996687731,0,0
0.0125868792943512,0.653644258381761,0,0
0.0128652372232894,0.671536424219321,0,0
0.0124980610982236,0.660881765420198,0,0
0.0121076495762561,0.697083033941278,0,0
0.0124302055214495,0.710353696501227,0,0
0.0114087546332732,0.725830708316842,0,0
0.010785528231763,0.652356767004059,0,0
0.0105566666886574,0.627219816710426,0,0
0.0104157056232132,0.600999874237698,0,0
0.0115442713352584,0.625015670596914,0,0
0.0113000945287898,0.703458550007595,0,0
0.0111001915510969,0.723387452908046,0,0
0.0118881674249369,0.805188270300125,0,0
0.0122595449519062,0.820068196531918,0,0
0.0114192554039473,0.782698607576612,0,0
0.0116432755494367,0.80707365093644,0,0
0.0108809657307939,0.868793476540459,0,0
0.00994973744999752,0.852486481371442,0,0
0.0100740740292355,0.814156114002639,0,0
0.00888343238470459,0.839667616717762,0,0
0.00873200136614883,0.720778538378938,0,0
0.00862714980896763,0.719320778440996,0,0
0.00916633367403972,0.711511154128149,0,0
0.00898422652352216,0.776727577081842,0,0
0.00882176054923974,0.810387452046388,0,0
0.00909783219423958,0.799574926426138,0,0
0.00844793320073557,0.777707639566215,0,0
0.00839518028449025,0.753425024233947,0,0
0.00906109691321409,0.834249360207513,0,0
0.00951824738229993,0.832699797069276,0,0
0.0108637394777182,0.857618817035522,0,0
0.0107465216548726,0.805254557561865,0,0
0.0120941438991211,0.85866280863549,0,0
0.0142026611906506,0.838334827289164,0,0
0.015310566362965,0.851919866375104,0,0
0.0157821867071419,0.95146627223898,0,0
0.0162057105751795,0.8905085135632,0,0
0.0167714362200319,0.87666539817349,0,0
0.017803437838798,0.867333019640381,0,0
0.0165483154436902,0.945672639760506,0,0
0.0157412780937172,0.932211066124887,0,0
0.0141562394546785,0.90725920322674,0,0
0.0143714058972555,0.952871398752874,0,0
0.0139157706670432,0.940779312110259,0,0
0.0132149223905664,0.857717253089231,0,0
0.0132185425031905,0.838443492862803,0,0
0.0144339603843515,0.821300548629138,0,0
0.0159539738767889,0.783841409448758,0,0
0.0168293257966194,0.789497991071726,0,0
0.0181443758260343,0.761466526906606,0,0
0.0185524380155482,0.806188350704475,0,0
0.0200187985789969,0.798152141027166,0,0
0.0230324532647392,0.792958455368346,0,0
0.0232175815802049,0.812077547349095,0,0
0.0231052157218108,0.773306174421669,0,0
0.0230751818187971,0.810031432420198,0,0
0.0200905550795801,0.783563808109144,0,0
0.0204258659162025,0.803361312736206,0,0
0.0202589694878446,0.83162592472846,0,0
0.0184035366219577,0.768062243809382,0,0
0.0179036237176902,0.838806681262691,0,0
0.0172306193302214,0.822388478873695,0,0
0.0179912999713137,0.762160533329395,0,0
0.0155274959126451,0.759944688022831,0,0
0.014907911525378,0.710240196694117,0,0
0.0144275828530925,0.638255134418022,0,0
0.013380505028144,0.602742673136296,0,0
0.0134521389888558,0.620638853110426,0,0
0.0138532828050233,0.591289696886197,0,0
0.0147353748771313,0.628943943822083,0,0
0.0145984634400996,0.666422571328323,0,0
0.0142068372992461,0.687034901154482,0,0
0.0130959330440719,0.684178656032258,0,0
0.0124659036873423,0.639576916910015,0,0
0.0122473153087047,0.631486644900677,0,0
0.0117093521827456,0.628044916705206,0,0
0.0118114713995768,0.606587633340491,0,0
0.0112686753009996,0.581344637291803,0,0
0.0111925092372046,0.582637911419901,0,0
0.0104397185863964,0.635993677962307,0,0
0.0109034074340465,0.665146277576182,0,0
0.0109125222885441,0.602543330983297,0,0
0.0113160241070964,0.59715831266994,0,0
0.0111130161586578,0.568157545609295,0,0
0.0104889164407227,0.625684512287636,0,0
0.0104125028035955,0.574989250861444,0,0
0.0109632116752851,0.563630073410135,0,0
0.010464093958843,0.541267669360163,0,0
0.0104347312893938,0.545799244777997,0,0
0.00993114658295969,0.610105866579691,0,0
0.00961949705266569,0.645777247615842,0,0
0.00961919502301005,0.628979812311572,0,0
0.0102505040150613,0.599786899983052,0,0
0.0108869962630831,0.557640119086147,0,0
0.0100132232669435,0.643768921352476,0,0
0.0109909477474141,0.657106637156957,0,0
0.0107204056084432,0.596744762270412,0,0
0.010457413267591,0.533598208259211,0,0
0.00980676659667111,0.55800704687102,0,0
0.0100267975770547,0.577224691594874,0,0
0.0102624750613808,0.570644471134879,0,0
0.0101456122211883,0.611354840427199,0,0
0.0106114330229361,0.64211213749149,0,0
0.00907440281195112,0.61784388024819,0,0
0.00865402725552768,0.640499689075165,0,0
0.00881731295922153,0.684303974062564,0,0
0.0086349380531827,0.66594860210258,0,0
0.00786023933336751,0.684945495880965,0,0
0.00716133428506738,0.679315884453404,0,0
0.00701568861558277,0.723311182497871,0,0
0.00728938889032537,0.736020721787465,0,0
0.00668974714667798,0.706010103658421,0,0
0.00654782767688486,0.759047246147437,0,0
0.00706855552393194,0.733740490105415,0,0
0.00784687264731694,0.695886018803056,0,0
0.007693221869108,0.660452017047036,0,0
0.00788723287518339,0.770777716368419,0,0
0.00789297938701877,0.771960633621724,0,0
0.00888825615165046,0.768493401307978,0,0
0.00851470240200877,0.763387633771858,0,0
0.00765158481234935,0.723469124687097,0,0
0.00725000787143014,0.686898829682551,0,0
0.00685122335709068,0.794113317732435,0,0
0.00618546958105627,0.840185211551879,0,0
0.00655513715931499,0.824421416130059,0,0
0.006374266912631,0.832634158796147,0,0
0.00641045259401171,0.793982324431845,0,0
0.00669459581267168,0.783603040462606,0,0
0.0064574343116089,0.796997787612315,0,0
0.00605835731684124,0.8005480027362,0,0
0.00618312629500533,0.833237401406282,0,0
0.00676222613523285,0.865792280750053,0,0
0.00702059017654866,0.903502338569251,0,0
0.00769543848791838,0.868569351536329,0,0
0.00810072017944042,0.8620883804939,0,0
0.00893070589522117,0.830868544713129,0,0
0.0089036415945993,0.833136364314523,0,0
0.00907772858350891,0.801983808037171,0,0
0.00990700499718603,0.747563197448493,0,0
0.0101903526515532,0.797885384541177,0,0
0.0101310152617296,0.763000910510753,0,0
0.0103198172108417,0.762554446953816,0,0
0.00970558333505767,0.789380906900794,0,0
0.011097978159847,0.778478218952774,0,0
0.0111861785405197,0.725976148837634,0,0
0.0103993495409394,0.767653932714204,0,0
0.0106757911419576,0.732391409599792,0,0
0.010420695024371,0.730397627765494,0,0
0.0123468636867948,0.703417648379869,0,0
0.0129989168736166,0.723858452198671,0,0
0.0138051065941777,0.735624515938052,0,0
0.0138599649459688,0.66264788637847,0,0
0.0140208426404759,0.687222749763122,0,0
0.0135187207790382,0.668167483570882,0,0
0.0144746086096676,0.618710450205141,0,0
0.0136202521371651,0.677137530872359,0,0
0.0135405237019557,0.683489308817866,0,0
0.0127099962912795,0.671835441707879,0,0
0.0127034682348639,0.649678703113669,0,0
0.0120489750661602,0.714107222349765,0,0
0.0127504370785554,0.699952361628277,0,0
0.0140176062866348,0.71986555525218,0,0
0.0153520071459635,0.740401197798725,0,0
0.0152196453426785,0.746498873131962,0,0
0.0146671316392579,0.727535610289254,0,0
0.0161402322559942,0.665048479340794,0,0
0.0167861877794142,0.640988477451392,0,0
0.0172669943916279,0.669316277515932,0,0
0.0172665637309551,0.65575013820329,0,0
0.0171778135732412,0.671916217353416,0,0
0.0186869848715714,0.688421583571456,0,0
0.0198539950483075,0.609767717504789,0,0
0.0210320043815624,0.57526279797488,0,0
0.020047660204719,0.612433159252181,0,0
0.0187925021006384,0.645071806090991,0,0
0.0162031301203808,0.671861352535791,0,0
0.0159077952084459,0.667742920130531,0,0
0.0155333404498111,0.655480587977794,0,0
0.0165128354037671,0.664480409914094,0,0
0.0158693677271486,0.625634305785837,0,0
0.0170322446515085,0.652966172319711,0,0
0.0174653122364163,0.648462065761571,0,0
0.0188741619923408,0.695711401347711,0,0
0.0200787385365431,0.649907865700171,0,0
0.0180278754978098,0.707482962924422,0,0
0.0174884039575999,0.67529175469031,0,0
0.0169670038980187,0.724653279851226,0,0
0.0178074496464996,0.700731132337961,0,0
0.0166366661827636,0.756660983778373,0,0
0.0157176037395161,0.740824667804147,0,0
0.016629044392968,0.739999257191842,0,0
0.0150364266550518,0.729383210309323,0,0
0.016046663530391,0.718495662307577,0,0
0.0178362465840622,0.625697583389549,0,0
0.018087484853068,0.699848826395462,0,0
0.0170663339822974,0.71708997957572,0,0
0.0162981855836855,0.698974950757481,0,0
0.0148894737956259,0.700195548306032,0,0
0.0140880790091996,0.656364049869221,0,0
0.0142706928325579,0.706318239904859,0,0
0.017905597346624,0.694389787457634,0,0
0.0183367456113122,0.688619346261412,0,0
0.0188777856314478,0.720346139658568,0,0
0.0197439142761718,0.751560630548563,0,0
0.0194931864294604,0.721434356457659,0,0
0.0202810909496592,0.792337537427677,0,0
0.017322429753733,0.921462607180823,0,0
0.0169454184829399,0.917108458720854,0,0
0.0164996812202949,0.968841708722381,0,0
0.0149037075567642,1.02202962414659,0,0
0.0137706979667185,0.941519706777504,0,0
0.0138675596215423,0.927081184074706,0,0
0.0139487966244267,0.912485332380858,0,0
0.0151076413497779,0.98015771932668,0,0
0.015943301341025,0.904067068536388,0,0
0.0148797685776525,0.804793312778916,0,0
0.0155682728438649,0.808402459893343,0,0
0.0147488891130435,0.777522152926763,0,0
0.0144953724603954,0.728297008621306,0,0
0.0132987518787013,0.705275895391894,0,0
0.0147558637957388,0.70536552911562,0,0
0.0162016251848546,0.782585707552812,0,0
0.017170487811841,0.77928038085721,0,0
0.0199361917676509,0.797167743585936,0,0
0.0202549925804015,0.805259866672364,0,0
0.0185584639764148,0.843062759709029,0,0
0.0196230407161756,0.804715524600052,0,0
0.0202259675986393,0.811483099806907,0,0
0.0197552633392058,0.832828353799174,0,0
0.0206514451739853,0.824333469921642,0,0
0.019554363309094,0.78909560119141,0,0
0.018657714556193,0.847063551541259,0,0
0.0187430399690377,0.72011258568973,0,0
0.0225397386107461,0.66137624825381,0,0
0.0224211707085329,0.628838489631254,0,0
0.020957075450636,0.637124725414984,0,0
0.0207970867802626,0.656976181450863,0,0
0.0219219302336463,0.670628160918032,0,0
0.0207930908161803,0.680666147054473,0,0
0.0217887616136567,0.634604783833719,0,0
0.0249017150919103,0.664446390579152,0,0
0.0272137888847328,0.654100048636148,0,0
0.0252836667022786,0.690440141507494,0,0
0.0250824191108663,0.677649358607872,0,0
0.0228967557447206,0.684324498663811,0,0
0.0208714109256602,0.737734582555547,0,0
0.0195062612203004,0.776938673749863,0,0
0.017690332065102,0.778348436068865,0,0
0.0174556304549775,0.811048401779451,0,0
0.0158638539668434,0.837010936580854,0,0
0.0136715961885713,0.821198362904605,0,0
0.0127811627673945,0.822919729925884,0,0
0.0128407859837399,0.7677006456509,0,0
0.0129305860431228,0.704576554983234,0,0
0.0133485954869405,0.655655214937888,0,0
0.0125813015715489,0.71937293589774,0,0
0.012291710044587,0.733350382041345,0,0
0.0131555450500043,0.736612534737737,0,0
0.0142261624678468,0.713423783220229,0,0
0.0145724219007045,0.675472901091497,0,0
0.0161586854992935,0.631392786152736,0,0
0.0194711291837024,0.692431205567492,0,0
0.0184958637125841,0.652443046753107,0,0
0.0185747910702878,0.71374191960525,0,0
0.0213612938085322,0.669574432191908,0,0
0.0211205886825631,0.699473048497822,0,0
0.0180263495040036,0.733732494664892,0,0
0.0167632611516405,0.764039309153742,0,0
0.0169936628226827,0.802638475491459,0,0
0.015813206022909,0.85239399161239,0,0
0.0163366035865603,0.824375191844338,0,0
0.0161825557358956,0.840358289516916,0,0
0.014310899600392,0.928052231031091,0,0
0.0129125487411826,0.98102989379782,0,0
0.012458239616088,0.91352298976568,0,0
0.0132140656009186,0.873601574472627,0,0
0.0132525193881922,0.909927829309798,0,0
0.0128588220186308,0.920502180419327,0,0
0.012222886074126,0.862852838044791,0,0
0.0114126730934688,0.856006028105757,0,0
0.0112051730487463,0.869550064811026,0,0
0.0115529070069844,0.886608903827684,0,0
0.0116770735726362,0.900812964835996,0,0
0.0124447145642184,0.874977523960938,0,0
0.0117090194325962,0.876199352659269,0,0
0.0114874007471771,0.957408752722151,0,0
0.0106738270789591,0.918785649225728,0,0
0.0106462247066273,0.9247994587264,0,0
0.0110861983487146,0.84386100847833,0,0
0.00982455386054852,0.928713876693095,0,0
0.0101098717736459,0.972907992442628,0,0
0.00982517654794546,0.986110928100466,0,0
0.00951749237379336,0.944521384202257,0,0
0.00857625122472912,0.980730708877813,0,0
0.00803780124664843,0.893446220247644,0,0
0.00828837981518462,0.906390190403175,0,0
0.00790204957270496,0.964455850895456,0,0
0.0090923728916119,0.891290788280645,0,0
0.00925006871734337,0.887760840880344,0,0
0.0106203149780462,0.913542095279184,0,0
0.0113691970284104,0.887708890850224,0,0
0.0124791334736847,0.856480548247023,0,0
0.0139091339612601,0.879845308250287,0,0
0.015240717789934,0.827622409745884,0,0
0.0157397912870223,0.747681016315057,0,0
0.0160150583843756,0.745012277982785,0,0
0.0171116778234939,0.685465375207979,0,0
0.0177672314096943,0.683957470074873,0,0
0.0183430915944494,0.702209115109127,0,0
0.0156408109302994,0.762175630158816,0,0
0.014871179065109,0.74870160610392,0,0
0.0142680065338393,0.717468533950372,0,0
0.0137509478745207,0.688907220151571,0,0
0.0143773171800893,0.669870570137719,0,0
0.0138534835914978,0.650960966247835,0,0
0.012308925885877,0.718425438288531,0,0
0.0112581099591916,0.759935890795079,0,0
0.0100059124867782,0.733323928159992,0,0
0.00869628093554731,0.828441791543295,0,0
0.00807816679616892,0.825146379868813,0,0
0.00807167949677327,0.773098868191728,0,0
0.00787854781026454,0.729184169861779,0,0
0.0083678829027578,0.712833161601372,0,0
0.00791039701026946,0.681929578418572,0,0
0.00875333431560443,0.694113027032272,0,0
0.00937942493555712,0.726199880038908,0,0
0.00960367146440838,0.769469308349028,0,0
0.0087775989431396,0.777583501894874,0,0
0.00857550956145542,0.784836716049878,0,0
0.0082307753116171,0.735529339096471,0,0
0.00829992654843962,0.808084783120219,0,0
0.00928171439106933,0.768439962707637,0,0
0.00860951888628725,0.805748725440845,0,0
0.00912583876773655,0.745043819269992,0,0
0.00900871190694583,0.67667345318453,0,0
0.00907624443841025,0.738745986850468,0,0
0.00960933196696301,0.754464702588189,0,0
0.00950616320195067,0.735204644856576,0,0
0.00918416943508729,0.79121874305689,0,0
0.00892290121905444,0.855607312716441,0,0
0.00864351805336368,0.857771204156707,0,0
0.00923921987271127,0.917000733953898,0,0
0.0114034541769342,0.916817245832772,0,0
0.0128567257425282,0.878968725553979,0,0
0.0125902676627649,0.794452983649985,0,0
0.0112153343757444,0.860210963880239,0,0
0.0102858255645938,0.859177289076337,0,0
0.00937218847501875,0.976813220161471,0,0
0.00880589821025177,0.943520047593106,0,0
0.00870035156813508,0.983406881359791,0,0
0.00887367333635704,0.857248475394248,0,0
0.00925674508476695,0.855183096785427,0,0
0.00928061198659959,0.904141617892177,0,0
0.00981821760571501,0.915171049276812,0,0
0.0092224753021077,0.923045995410717,0,0
0.00992418134441264,0.898108954686499,0,0
0.00992263762156183,0.928013144210568,0,0
0.00947901029506972,0.890081095704894,0,0
0.0088009019727114,0.910214338557816,0,0
0.00879890780331791,0.88605931173063,0,0
0.00834912772128232,0.893493623107252,0,0
0.00941662778355926,0.83507121076352,0,0
0.00981979191215141,0.851276614778234,0,0
0.00884237646786598,0.739227804789186,0,0
0.00917432369514922,0.68867926568225,0,0
0.00844743773774271,0.713347796196908,0,0
0.00848853009102873,0.752343802194565,0,0
0.00804550759140495,0.686258420512187,0,0
0.00696362755466116,0.666891902386416,0,0
0.00692058934320699,0.698544694461778,0,0
0.00620224142881378,0.760427896970185,0,0
0.00607254272554738,0.810670917217981,0,0
0.00591897007387801,0.752072009119072,0,0
0.00633954050171021,0.742261438794437,0,0
0.00646364571503163,0.64867520128291,0,0
0.00630413419323054,0.627467329085365,0,0
0.00604772440872576,0.667074927354811,0,0
0.00587856819787656,0.608606206176977,0,0
0.00555085163622166,0.647802106057593,0,0
0.00565265175329539,0.63305790071919,0,0
0.00655898093421946,0.691761903025873,0,0
0.00795449666684398,0.679153236069849,0,0
0.00810332454188659,0.648224832805401,0,0
0.00828128222620287,0.726933619099056,0,0
0.00812584992979144,0.703741877323628,0,0
0.00741659529013587,0.678238059176411,0,0
0.00715443860659065,0.668821006428492,0,0
0.00671940968565948,0.691532504751289,0,0
0.0066768547130922,0.755150818829698,0,0
0.00659425839788575,0.797258031300566,0,0
0.00612248285325859,0.816002024218856,0,0
0.00568310195061826,0.857459359933553,0,0
0.00566140376438706,0.814482342785109,0,0
0.00563729715860479,0.813066421089281,0,0
0.00546028047090164,0.834486733804627,0,0
0.00573793397494933,0.853608410120188,0,0
0.00597711522282257,0.865255618274801,0,0
0.00523053607121433,0.887667093904124,0,0
0.00583495036971865,0.849211844931126,0,0
0.00579678184863572,0.831684951924149,0,0
0.00604209413883364,0.804919228037342,0,0
0.00612009998998714,0.731832894415117,0,0
0.00671393976753972,0.741826655994659,0,0
0.00723014759804808,0.74288028496237,0,0
0.00744258761178472,0.737658191592981,0,0
0.00768676016285498,0.800995525884192,0,0
0.00749607972796505,0.805163894074072,0,0
0.00802965001230328,0.783148980092446,0,0
0.00822816025157115,0.919939473579601,0,0
0.00761806223324729,0.932519356858418,0,0
0.00750092848388258,0.829768125281713,0,0
0.00762054924913805,0.749534363952127,0,0
0.00727337622624762,0.792102935378255,0,0
0.00689723000754167,0.790801215812403,0,0
0.00685133744710986,0.783889467711317,0,0
0.00603389323763135,0.798553462533943,0,0
0.00603334117554427,0.766803119830173,0,0
0.00565733685590274,0.736665401351753,0,0
0.00649089647169114,0.713964121559459,0,0
0.00698989273328046,0.715780446388491,0,0
0.0081717517922431,0.723052227055324,0,0
0.00822026792459442,0.712747991269913,0,0
0.0084496215793384,0.686234821419548,0,0
0.00859454192686663,0.701928950717068,0,0
0.0085353454609091,0.686878839005752,0,0
0.00822451075802177,0.734801349464443,0,0
0.00800475481386389,0.769995200761206,0,0
0.00780348569963196,0.743471642696504,0,0
0.00772508936622035,0.741120785961853,0,0
0.00697504366722358,0.690433243771534,0,0
0.00688641372503837,0.635357296348251,0,0
0.00736662699209201,0.675754950524158,0,0
0.00775801604271045,0.647531520350293,0,0
0.00755234369956107,0.620830680787164,0,0
0.00827883125338037,0.668372653631652,0,0
0.00828565511757112,0.656674834928371,0,0
0.00772913682624203,0.65501869515693,0,0
0.00804532315825704,0.627547623237561,0,0
0.00877870976481647,0.639243320851731,0,0
0.00811090938402333,0.631380414845295,0,0
0.00777069416973643,0.589705173510106,0,0
0.00739966054743088,0.589098036459514,0,0
0.00672176907906874,0.635994522159887,0,0
0.00625839947759573,0.591126089460904,0,0
0.00574658828876214,0.622592827411748,0,0
0.00632263507225984,0.587099303896687,0,0
0.0067297427305636,0.596539885922372,0,0
0.00690209121716518,0.629149063319137,0,0
0.0070228589765973,0.646272215911639,0,0
0.00683483563888547,0.655200954141932,0,0
0.00741450753461363,0.605235595400932,0,0
0.00776763913585131,0.607337056083607,0,0
0.0069334776673534,0.652297253415654,0,0
0.00751992334188016,0.674354866516407,0,0
0.00816289123454013,0.688071951296403,0,0
0.00893450869676426,0.712871697348388,0,0
0.0087814442173454,0.804636746990067,0,0
0.00865313064413479,0.822578941687035,0,0
0.00910980259134207,0.80134180091002,0,0
0.00906118934161987,0.7962854055986,0,0
0.00911654448948637,0.826075907974068,0,0
0.00839821251375458,0.825981734260115,0,0
0.0078939504139384,0.779975934712321,0,0
0.00825069538885721,0.776550836923764,0,0
0.00785237627936452,0.739244656416699,0,0
0.00783818120646044,0.743745027344217,0,0
0.00730636981288343,0.752553004848619,0,0
0.00770799666662226,0.685645639183618,0,0
0.00826229051327185,0.651039605060093,0,0
0.00846943640420165,0.679302223338748,0,0
0.00926729135484588,0.707422306320664,0,0
0.00950658542590208,0.746378168664637,0,0
0.00892514227414584,0.731989901137752,0,0
0.00824186667836522,0.759666376944534,0,0
0.00858377902302994,0.801905542408084,0,0
0.00817849107601031,0.730229266788718,0,0
0.00772806907952148,0.704539389644128,0,0
0.00799487510111624,0.657258443578578,0,0
0.00837005894855573,0.605576963428597,0,0
0.00944469482578431,0.637539531620508,0,0
0.0086634703669033,0.633156301012048,0,0
0.00924007260906055,0.586940550744319,0,0
0.00901908764225314,0.597049861452999,0,0
0.00886444321894085,0.554408563824956,0,0
0.00881009514948137,0.579043449027592,0,0
0.00930778643264308,0.575890656954035,0,0
0.00936071054893924,0.584289073268571,0,0
0.00922633900346654,0.574452400645814,0,0
0.00969764835750863,0.572465790203049,0,0
0.00984584730148983,0.629573672156245,0,0
0.00947211744133633,0.728424361343157,0,0
0.00857309355672847,0.73008672995282,0,0
0.0083904680868366,0.7185241329618,0,0
0.00912326822431555,0.714151245965582,0,0
0.00862724529385986,0.697938445950194,0,0
0.00820061735725176,0.673201229125448,0,0
0.00891260481277241,0.663146393822501,0,0
0.00878048270160048,0.626723583953899,0,0
0.00869222828685327,0.610929502020506,0,0
0.00847175898955327,0.697479578393048,0,0
0.00798672498145948,0.677038654916118,0,0
0.0077289206980973,0.722931905826225,0,0
0.00801154455180898,0.803029742466069,0,0
0.00844779768583424,0.783590304784363,0,0
0.00926965158685211,0.825376841400794,0,0
0.00906824512647675,0.845043280747459,0,0
0.00914810483542687,0.781106144234636,0,0
0.00894173500490031,0.749259064582066,0,0
0.00897328164177855,0.754328602465765,0,0
0.008631448318928,0.731298601196882,0,0
0.00775035025175903,0.728565237957867,0,0
0.00778373906581759,0.679580151878531,0,0
0.00726432580889681,0.707781325811274,0,0
0.00723539222165796,0.724827113512145,0,0
0.00645225803325064,0.726442591825662,0,0
0.00680619202555973,0.652229571857535,0,0
0.00655508546091496,0.661887728959145,0,0
0.00681858882769819,0.678754596893315,0,0
0.00635973462874263,0.700868967486086,0,0
0.00601220680631894,0.718468975207091,0,0
0.00617049949148901,0.699532560039087,0,0
0.00650318709151322,0.709801687970472,0,0
0.00620827510802248,0.675549940607474,0,0
0.00610403008181966,0.682103095620936,0,0
0.00605956341856746,0.665961693619893,0,0
0.00561879416405084,0.690416508425293,0,0
0.0057407825664236,0.730091887345404,0,0
0.00534224021627265,0.85270819543472,0,0
0.00471888661399985,0.868681608190625,0,0
0.00471434996230114,0.810864291307221,0,0
0.00505247356203634,0.803454830146795,0,0
0.00483541091789239,0.819443316654443,0,0
0.00464463003315206,0.783973022341798,0,0
0.00497402576017621,0.748046421805346,0,0
0.00549065894943764,0.732134505904457,0,0
0.00607993693933691,0.769275791437713,0,0
0.00632243945598052,0.753441204065055,0,0
0.00633811950268929,0.752374081236803,0,0
0.00639975959765832,0.76295276097164,0,0
0.00657252969264775,0.759979317901553,0,0
0.00608392921770584,0.779747848140095,0,0
0.0055121258280536,0.778092385969542,0,0
0.00540507449140919,0.748949213702858,0,0
0.00542346995237076,0.683580980351133,0,0
0.00530510791644759,0.641213750416379,0,0
0.00524340087591697,0.630101999287791,0,0
0.00558434341172843,0.637008199923721,0,0
0.00549761705348071,0.631365682464163,0,0
0.00439712728723979,0.67233973807221,0,0
0.00412004393355122,0.727744853417152,0,0
0.00466900802989183,0.723774158803658,0,0
0.00526965425800746,0.693160804724625,0,0
0.00592661810219312,0.640793490828981,0,0
0.00587067982627784,0.64651560120627,0,0
0.00566100491559819,0.702584633115386,0,0
0.00605427982461988,0.695110070897141,0,0
0.00652020179308163,0.729998904729898,0,0
0.00688140798590715,0.697050258123407,0,0
0.00692123839429912,0.698927256250773,0,0
0.0066971105457777,0.705360545750964,0,0
0.00638517210729049,0.62675849918395,0,0
0.00693790831268949,0.608323606514867,0,0
0.00751544066816663,0.652606038784213,0,0
0.00726356107151085,0.655658472499752,0,0
0.0076175495424627,0.658235039928152,0,0
0.00795226008800195,0.657347175529271,0,0
0.00812860526900273,0.74506747690368,0,0
0.00856991115036587,0.838539756527912,0,0
0.00852334743110606,0.817889468644054,0,0
0.00787968729168603,0.778322978213741,0,0
0.00732530913695575,0.798759757148313,0,0
0.00770650189837744,0.796008506157146,0,0
0.00817330345181288,0.860646513352105,0,0
0.00759965936540065,0.739902196820314,0,0
0.00834437371390615,0.715063341705979,0,0
0.00979026682757308,0.707175958238916,0,0
0.0102362630900708,0.681503441443231,0,0
0.00992774810708844,0.682308247236965,0,0
0.0102049787449985,0.74388937704254,0,0
0.00941762483214274,0.726053262109129,0,0
0.00919848043656642,0.783755891651783,0,0
0.00899007215562359,0.80746252697324,0,0
0.00920920671644314,0.811526052536621,0,0
0.00824632087141079,0.769572604844055,0,0
0.00796186438423938,0.767098998321434,0,0
0.00790623981380513,0.779613117214516,0,0
0.00786033783928661,0.825664493328237,0,0
0.00808856780092421,0.808847739218675,0,0
0.0080774572979266,0.803907958322246,0,0
0.00855570393189998,0.866155274747463,0,0
0.00844139676753874,0.874537782919602,0,0
0.00842247842879926,0.891209257887835,0,0
0.00782243400079719,0.935510155975212,0,0
0.00753437333339129,0.974094356423752,0,0
0.00785116690810641,0.949868835007287,0,0
0.00836043434411208,1.00987671745901,0,0
0.00844530094036958,1.0015019616252,0,0
0.0081977773025734,0.986308529207801,0,0
0.00829496466932079,1.00656205357888,0,0
0.00797255809168745,0.942145290364985,0,0
0.00911262882817881,0.974167570843135,0,0
0.00918442450175122,0.919978404470919,0,0
0.0095347219194024,0.927481577750364,0,0
0.00953322882174367,0.865585486604303,0,0
0.00859105869892946,0.928375848269433,0,0
0.00832227479748064,0.882662509268667,0,0
0.00738222751071778,0.908490582558052,0,0
0.0077479222187088,0.878141860548967,0,0
0.00708992840107497,0.836082117140467,0,0
0.00787463000538074,0.852499829110227,0,0
0.00835367145574632,0.882295569988044,0,0
0.00893687587090586,0.882937971760437,0,0
0.00838192844207311,0.915913274348912,0,0
0.00780717589735452,0.867900569026951,0,0
0.00801569977612539,0.897480656431119,0,0
0.00717093969288205,0.925544272035083,0,0
0.00682257076330209,0.997707068438516,0,0
0.00693241873644023,1.00540735502832,0,0
0.0065835675707296,0.973946153953695,0,0
0.00641182173367258,0.866506980006255,0,0
0.00631411783109555,0.81940957585817,0,0
0.00604979343723065,0.767505239824496,0,0
0.0055673498151508,0.808278804079088,0,0
0.0058714200548994,0.803840328607865,0,0
0.00592049705804634,0.771182027029662,0,0
0.00608423410224216,0.756646623075451,0,0
0.00678317614167422,0.749317335620391,0,0
0.00667480853534477,0.753334128714304,0,0
0.00718014666521067,0.779449975236017,0,0
0.00779658530757961,0.83383054071581,0,0
0.00832578603061469,0.748310092324476,0,0
0.00965521011920338,0.707977433786538,0,0
0.00985981959371488,0.747185617222689,0,0
0.0101163400085717,0.772376448965049,0,0
0.0102145660625151,0.800440333787766,0,0
0.00961070553040296,0.806035721119614,0,0
0.0101319694670342,0.78500719729014,0,0
0.0101560560265437,0.802214609155809,0,0
0.0100309331221302,0.817069892252403,0,0
0.010571785967918,0.808666638054366,0,0
0.00960258813498473,0.863629491944959,0,0
0.00951693263653936,0.772248634419606,0,0
0.00891403581786932,0.729575375795261,0,0
0.00922711746573813,0.745475092195252,0,0
0.00885557246373841,0.797530481384654,0,0
0.00810648825052938,0.800318256046105,0,0
0.00753352565898273,0.800282637252339,0,0
0.00711943969087693,0.760673376356896,0,0
0.00741711870093657,0.753620187744852,0,0
0.00727872111889171,0.698511695892305,0,0
0.00691451935251668,0.760960426370731,0,0
0.00687668804593214,0.751372380301973,0,0
0.00682292371280989,0.708990198200814,0,0
0.00617341082172319,0.747390063612518,0,0
0.00649260821813527,0.707462955301897,0,0
0.00698275706439255,0.653045307963158,0,0
0.00734974635246134,0.684044264076667,0,0
0.00669714149448549,0.632258398062038,0,0
0.00739258728172466,0.568511947529648,0,0
0.00678773567956726,0.575576624559734,0,0
0.0066089933900844,0.557325958321145,0,0
0.00632291548308001,0.586291983249794,0,0
0.00610921912558364,0.603973773797737,0,0
0.00583296123915289,0.646676126494158,0,0
0.00652305843695633,0.6454823929647,0,0
0.00609608347929508,0.630334530440781,0,0
0.00593384283438686,0.702456668434402,0,0
0.00561956374617814,0.691521700746195,0,0
0.0054020343239014,0.716801779825054,0,0
0.00503913074539047,0.828084650853429,0,0
0.00471631423613501,0.731044510239714,0,0
0.00487609558745114,0.797565107372745,0,0
0.00478201012683451,0.779302911037931,0,0
0.00443192000009421,0.797894675215217,0,0
0.00415832453032467,0.807168335940833,0,0
0.00409932014763842,0.753912238093088,0,0
0.00422733541521824,0.764507506949631,0,0
0.0044652027848903,0.692314707195958,0,0
0.00468565863942456,0.667596522717415,0,0
0.00478455666838022,0.708351995477591,0,0
0.00512695121984076,0.685456856062768,0,0
0.00525076799568044,0.650695928403541,0,0
0.00576589307334851,0.675209172053523,0,0
0.00570460648002946,0.668542406306321,0,0
0.00517859521651273,0.686322844506632,0,0
0.00483756627223986,0.647040833261936,0,0
0.00509624374584737,0.706224978341354,0,0
0.0049097344827182,0.713356092842921,0,0
0.00458090255428174,0.665935672218038,0,0
0.00465290419764038,0.684829350797297,0,0
0.00481690612522765,0.721099146925388,0,0
0.00472301000790852,0.707549827596816,0,0
0.0049916547139087,0.708239254368031,0,0
0.00467501203461443,0.693107719415083,0,0
0.00468944877103399,0.711419513257357,0,0
0.00461662476210349,0.658257142384333,0,0
0.00510761568619329,0.708392476655101,0,0
0.00554041750138608,0.694373134611965,0,0
0.00628108749088147,0.680325303077358,0,0
0.00618192061786088,0.664612720716909,0,0
0.00620079865117268,0.693726646483797,0,0
0.00587404569239965,0.690974656871853,0,0
0.0060823507883079,0.715504595636262,0,0
0.00566864422140174,0.67117004934342,0,0
0.00550399649737619,0.698433536480428,0,0
0.00568762614114936,0.699550021571176,0,0
0.0056797921995997,0.766304215078137,0,0
0.00555405617810148,0.842450702656774,0,0
0.00650888756257105,0.901472977371273,0,0
0.00580402818542629,0.871293239043836,0,0
0.00576297657601358,0.848098277002938,0,0
0.00534652411867849,0.921172749727106,0,0
0.00585634289649051,0.898312112744113,0,0
0.00626428814485498,0.818698825430367,0,0
0.00600247963375747,0.75751981202098,0,0
0.00612892505231064,0.716613882660682,0,0
0.00702699708052621,0.723118688659744,0,0
0.0071635499038539,0.702278883146011,0,0
0.00662605120042934,0.719725398539633,0,0
0.00685106013910188,0.7224151931454,0,0
0.00693115030345186,0.7817608846458,0,0
0.00651496524398854,0.807625365539742,0,0
0.00669626615807953,0.841821277123779,0,0
0.00661872177191596,0.951024249397908,0,0
0.00661520281278566,0.956005962905385,0,0
0.00714947154168976,0.860042237269953,0,0
0.00719576844495025,0.88671770277793,0,0
0.00750755622803344,0.809363581610394,0,0
0.0066994176804511,0.799826279122392,0,0
0.00650171893277622,0.772832830250264,0,0
0.00632867128447397,0.694346913542447,0,0
0.00626479135162984,0.690583331901268,0,0
0.00564454270010694,0.743960780037483,0,0
0.00589233481800573,0.722225620396519,0,0
0.00572176560081494,0.757046934729878,0,0
0.00542070453360788,0.763196164627483,0,0
0.00558419165588436,0.754047012983509,0,0
0.00586728081029046,0.757136440292623,0,0
0.00630623094604548,0.763200331717593,0,0
0.00693796898752179,0.803866345264422,0,0
0.00698791742939238,0.82303353837638,0,0
0.00689189938412475,0.800774373349588,0,0
0.00679736490857408,0.806874795701403,0,0
0.00643422042881573,0.765485253494815,0,0
0.00669412046204301,0.767482413125179,0,0
0.00685708092809537,0.699126442956563,0,0
0.00656760763955905,0.704499399565009,0,0
0.00698526481698529,0.682078622397158,0,0
0.00716540731441497,0.719262034587745,0,0
0.00669333049982774,0.667670777700433,0,0
0.0065561368254032,0.710477436686092,0,0
0.0059015337571628,0.712094972989235,0,0
0.00513679938618293,0.696177320830534,0,0
0.00481980293782305,0.668914377928296,0,0
0.00464823153739389,0.651864479785689,0,0
0.00487844935149582,0.617499402220349,0,0
0.00522648848756213,0.57638067965235,0,0
0.00474628046743468,0.59351456833991,0,0
0.00509792142130206,0.602707186142707,0,0
0.00550647372879175,0.554252154595407,0,0
0.00531467443039156,0.546958969615075,0,0
0.00533394163999572,0.580380645388365,0,0
0.00523353392492078,0.679037975005628,0,0
0.00488614659753126,0.75167818976148,0,0
0.00467529343848222,0.752591717871887,0,0
0.0046585991281068,0.783726757460927,0,0
0.00420964577167182,0.792534578606442,0,0
0.00387165514615436,0.806856357682127,0,0
0.0034753065985693,0.785157886006641,0,0
0.00305034212933373,0.778759679909109,0,0
0.00342604781858853,0.837540110669686,0,0
0.00376803893933812,0.810873416035403,0,0
0.00418236011224089,0.764278707949154,0,0
0.00441027123704524,0.724660590641855,0,0
0.00479744497717216,0.700562158063593,0,0
0.00486378162498101,0.671504282296714,0,0
0.00495994593943228,0.701834963445005,0,0
0.00488918502316723,0.766157385679045,0,0
0.00486001869904566,0.751574676097621,0,0
0.00501586974990491,0.728196547637324,0,0
0.00520825432838935,0.741202027036629,0,0
0.0050476829977267,0.7568424454079,0,0
0.00477781150027858,0.790540881104613,0,0
0.0047713355969034,0.848723196322067,0,0
0.00463715223917038,0.829163494975983,0,0
0.00455049446886033,0.799834536721664,0,0
0.00446204293805405,0.729286924412355,0,0
0.0042635446479355,0.703480350464545,0,0
0.00448688421681519,0.713125049949775,0,0
0.00469583207226777,0.687716204750665,0,0
0.0054936287490683,0.687584774177654,0,0
0.00595624290226695,0.680658302752655,0,0
0.00602341862104345,0.659469513857312,0,0
0.00588656732871811,0.673163031452337,0,0
0.00658778586986203,0.6368630825989,0,0
0.00627700680075458,0.619312089928987,0,0
0.00622425628182173,0.667774148178016,0,0
0.00581562045392942,0.678777142656736,0,0
0.00583351518564489,0.732725603753195,0,0
0.00559338368509551,0.719186745532269,0,0
0.00506707500809757,0.743181999005095,0,0
0.00505041526669712,0.738674532760109,0,0
0.00484041700015,0.665475133866922,0,0
0.00475654421425875,0.624938123719271,0,0
0.00502562228137316,0.660407519686559,0,0
0.0057649395371299,0.681876906386164,0,0
0.0051165890803684,0.772181591834319,0,0
0.00561881714182521,0.810903420715912,0,0
0.00638340121441947,0.764596490249942,0,0
0.00622430776348371,0.730247865816877,0,0
0.00637568061024064,0.715737407269851,0,0
0.00636651401063356,0.733158167142781,0,0
0.00635692359014595,0.643987432224488,0,0
0.00612901347253945,0.642221451103292,0,0
0.00563843628115635,0.649615182464867,0,0
0.00527061623891069,0.698795711411384,0,0
0.00561343386910713,0.739266016044906,0,0
0.00600308701053243,0.705718874201843,0,0
0.00597680012816115,0.78614146717987,0,0
0.00597895214280741,0.81203707326003,0,0
0.00657611795082679,0.772998630990942,0,0
0.00570528437216995,0.709023598111642,0,0
0.00524813702651028,0.765783587156734,0,0
0.00487964944960193,0.699978977400816,0,0
0.00512596359660304,0.713125378187593,0,0
0.00573010109151051,0.741504191998853,0,0
0.00600727649414726,0.690539043985927,0,0
0.00637002517601415,0.751787510343148,0,0
0.00662351247557134,0.741720765375858,0,0
0.00746108458123632,0.689626432165568,0,0
0.00809773251116617,0.694046320166568,0,0
0.00779514518735693,0.713902597038528,0,0
0.00815070713224684,0.736993471872641,0,0
0.00858059390427384,0.74714129325559,0,0
0.00774919802977623,0.747570423430933,0,0
0.00787221941148659,0.766317258715365,0,0
0.00724650763088568,0.746072767582898,0,0
0.00649210657952575,0.756529316763909,0,0
0.00607617687779761,0.765559976027408,0,0
0.00588779940650897,0.795864817772893,0,0
0.00502933788558855,0.761402709019109,0,0
0.00469744384410253,0.706549666759565,0,0
0.005001438321585,0.657055245152306,0,0
0.0058299383641535,0.612379731762739,0,0
0.00585595660951184,0.6139684554354,0,0
0.00637913527297691,0.642345483153169,0,0
0.0064712362471602,0.635508633907821,0,0
0.00727122170058176,0.634858108460716,0,0
0.00667487964930535,0.692826150023911,0,0
0.00678475831653996,0.698319843806388,0,0
0.00667264802685467,0.724650814664511,0,0
0.00713149848061826,0.729018044781024,0,0
0.00677126431142442,0.668062343427414,0,0
0.00710464382546679,0.707593846581916,0,0
0.00663077446805604,0.674932924119111,0,0
0.00661828195893314,0.676674548630012,0,0
0.00610132697144131,0.683645583797772,0,0
0.00587686653412018,0.694615242338444,0,0
0.00525981874287405,0.719473663821346,0,0
0.00519660006578858,0.713867866651271,0,0
0.00497678983041736,0.684495281676934,0,0
0.00493369155673839,0.646834650519237,0,0
0.0051417062117349,0.615131922262927,0,0
0.00601391372370437,0.644280967467459,0,0
0.00627435174680906,0.64060405779128,0,0
0.00655155736337515,0.691338341694912,0,0
0.00642352224991146,0.671536782548801,0,0
0.0064929717917485,0.652237703031662,0,0
0.00667997043947732,0.627907056852483,0,0
0.00704760467253988,0.668665539900469,0,0
0.006666330174863,0.655151377609767,0,0
0.00626998589957986,0.617929061763937,0,0
0.00600268627689352,0.626036548418223,0,0
0.00595374797088249,0.605191481171638,0,0
0.00558580478425373,0.625133574382187,0,0
0.0049711971643188,0.644887009435852,0,0
0.00470088392209276,0.664263147314666,0,0
0.00435692813374699,0.713242568989205,0,0
0.00442002250938623,0.682817202637656,0,0
0.00438443544110002,0.66480708963848,0,0
0.00447156965021239,0.686430885300968,0,0
0.00437118618137996,0.745192582848518,0,0
0.00445393331929813,0.722318616547187,0,0
0.00464697022039796,0.756054184112711,0,0
0.00460705165595791,0.745458142945217,0,0
0.00465729113463057,0.640680623702135,0,0
0.00458095746969449,0.605349722208941,0,0
0.00451559767797815,0.620769473473939,0,0
0.00509947652191343,0.629763854928352,0,0
0.00534932954059085,0.605889943512396,0,0
0.00519694752826552,0.608338680876953,0,0
0.00508061651425319,0.633735085319803,0,0
0.00484129114658117,0.65419147604338,0,0
0.00436764031646067,0.649210215085256,0,0
0.00464634212866782,0.620111992632933,0,0
0.00504001461244628,0.682452491428299,0,0
0.00495131763139542,0.708569132185045,0,0
0.0044493213677902,0.754185543440604,0,0
0.00423592660767768,0.799383735831835,0,0
0.00407109936183233,0.824445846159193,0,0
0.00409075540480572,0.848175331139611,0,0
0.00390722515709701,0.916526833280106,0,0
0.0041489366869112,0.976365357039824,0,0
0.0040743917215384,0.942453589098325,0,0
0.00403747873408032,1.01573481404821,0,0
0.00401152580391065,1.03163777732815,0,0
0.0043492840752092,1.03544552902398,0,0
0.00425425279640988,1.04745548306305,0,0
0.00391115191998881,0.999663232962183,0,0
0.00413619011172033,0.940095995405991,0,0
0.00433021330021484,1.01126649903849,0,0
0.00462373217903857,1.04373545360326,0,0
0.00447152056850711,0.99839465209013,0,0
0.00483273234668914,0.991311749198209,0,0
0.00493553342677619,0.955561062910298,0,0
0.00530437229625185,0.885760398058903,0,0
0.00618763626722518,0.848722620616443,0,0
0.00616120760379864,0.824908066669115,0,0
0.00676567781394346,0.817708231131347,0,0
0.00803064251253743,0.8172227596232,0,0
0.00777643503054836,0.871318413091763,0,0
0.00762179686430082,0.790633453473169,0,0
0.00865368968445364,0.756546263844928,0,0
0.0088735967963024,0.770017464835741,0,0
0.00869572901211098,0.771018623625356,0,0
0.00885258771921751,0.711828871240492,0,0
0.00902721199554657,0.707628381371688,0,0
0.00853881011862927,0.67249532587189,0,0
0.00786984455044862,0.679984866873258,0,0
0.00751493959586215,0.737576734285141,0,0
0.00695113601803629,0.804616222375585,0,0
0.00642795813908738,0.827599421608367,0,0
0.0062505519601014,0.817691205439741,0,0
0.00617792461474821,0.801840925665997,0,0
0.00591052330034464,0.79848088333421,0,0
0.00611920344770317,0.840543699109037,0,0
0.00615843634047358,0.749403010555927,0,0
0.00662314932127997,0.715482925185529,0,0
0.00699700649390256,0.780466971753618,0,0
0.00708880219089943,0.783808114185439,0,0
0.00734863147528233,0.795910186718766,0,0
0.00716947309573337,0.821372736546133,0,0
0.00693086914538359,0.797797121206819,0,0
0.00625977328286197,0.824794794019657,0,0
0.00635096837649801,0.82567107753629,0,0
0.00572192550963156,0.804096067174904,0,0
0.00575281848512323,0.802951638065002,0,0
0.00527381683876808,0.867462025748624,0,0
0.00539228298900774,0.817666683875667,0,0
0.00493881541554926,0.81484586214791,0,0
0.00493347641356837,0.80623299549863,0,0
0.00433179859303935,0.811172395080162,0,0
0.00403486401683067,0.860130240637371,0,0
0.00424411849710504,0.867711683527637,0,0
0.00474223726739522,0.863501043306215,0,0
0.00521704636163761,0.895030978241386,0,0
0.00555579783125078,0.877633978910703,0,0
0.00575382272679307,0.852037084964019,0,0
0.00588829149708836,0.919534508580888,0,0
0.00594061458917485,0.895912826171986,0,0
0.00642358233828699,0.852940408955341,0,0
0.00642497870148871,0.79315395254225,0,0
0.00649621954895813,0.799029487139899,0,0
0.00637341128147481,0.810028678154094,0,0
0.00726238379925456,0.80340833999074,0,0
0.00782422181447606,0.80602914965645,0,0
0.00747478167282685,0.781161529967336,0,0
0.00760201211045239,0.801047827360107,0,0
0.00754850473160416,0.873225934090021,0,0
0.00829994071076659,0.848217364167044,0,0
0.00802165276546323,0.905183435508231,0,0
0.00774573294342283,0.958032359759726,0,0
0.00736727165240876,0.998529937719037,0,0
0.00781706926248488,0.949109370049174,0,0
0.00877992367362141,0.891380030198006,0,0
0.00925282170376235,0.86545683499664,0,0
0.00895931846552721,0.837430290982454,0,0
0.00852819817654971,0.818391512449946,0,0
0.00845696742299044,0.823823645782682,0,0
0.00815326591689964,0.801349851789553,0,0
0.00793820135812251,0.763106936573745,0,0
0.00866863931635786,0.715042648213603,0,0
0.00876247515619842,0.697700081992509,0,0
0.00880901014829526,0.796779403939967,0,0
0.00836263107826292,0.795974722573545,0,0
0.00783275362890209,0.781893142773291,0,0
0.00751213472827014,0.734323644738231,0,0
0.0075474970042678,0.717260755800568,0,0
0.00757903861500776,0.775471404255763,0,0
0.00713552773573475,0.840467737945889,0,0
0.00694726085247348,0.812414032296115,0,0
0.00752484313038166,0.833726485108794,0,0
0.00773685578497058,0.760099639958051,0,0
0.0079179972081812,0.733365132089452,0,0
0.00856227486739256,0.786723324191789,0,0
0.00984656813183312,0.840724837950013,0,0
0.0100489162321756,0.852330081496536,0,0
0.00963541584403238,0.890682507778993,0,0
0.00898657971311588,0.835014327958743,0,0
0.0083234604477892,0.86579545413759,0,0
0.00795794616611658,0.849385743238702,0,0
0.00728806050818488,0.877870670269811,0,0
0.00675740377894494,0.836261718237829,0,0
0.00577890805027676,0.911109599005691,0,0
0.00531651994858019,0.854164291360423,0,0
0.00496724200257277,0.823954057589,0,0
0.00460341708345685,0.851453358622803,0,0
0.0041317173715056,0.798153747785399,0,0
0.00439477010947566,0.763291159404861,0,0
0.00422727674170508,0.748235733556071,0,0
0.00440429194211234,0.773451040555355,0,0
0.00463583950845413,0.8023875786481,0,0
0.00437863508810041,0.811312165827267,0,0
0.00422138000378923,0.859346748291769,0,0
0.00449952521246734,0.889848060041679,0,0
0.00485232381940227,0.907236678073487,0,0
0.00548088039056589,0.905786540035523,0,0
0.00515769655825815,0.9494404849624,0,0
0.00513817260543603,0.940930244041251,0,0
0.00497770716488847,0.962972457291078,0,0
0.00481268524447107,0.938129064275078,0,0
0.00487195266445781,0.902360564089476,0,0
0.004724942493023,0.96063364431595,0,0
0.00475736584174146,0.960172885809612,0,0
0.00492164779911837,0.965645757851544,0,0
0.00451456465290302,0.899405456264605,0,0
0.00452127636464051,0.882336351502068,0,0
0.0047974371122361,0.869122753255167,0,0
0.00525820952423777,0.836253433692858,0,0
0.00572198729163082,0.79540456206975,0,0
0.00600292248580697,0.710760997948379,0,0
0.00594886046930187,0.710234647897731,0,0
0.00592236511260144,0.723634547046641,0,0
0.00646784098967556,0.747440150973113,0,0
0.00686420153102649,0.776610392178309,0,0
0.00694986505542724,0.800320590036702,0,0
0.00711367810667563,0.82912010677719,0,0
0.00687385009319041,0.788298129503075,0,0
0.00741257482273195,0.847912709388036,0,0
0.00771588389302643,0.832098977013359,0,0
0.00749506728938874,0.883400065548133,0,0
0.00741161848068157,0.898674572205486,0,0
0.00761955938242887,0.902820937089433,0,0
0.00711179330980762,0.885592274687204,0,0
0.00675079605571708,0.845077103122955,0,0
0.00679403989977697,0.860502664729282,0,0
0.00627021751659226,0.893431147217727,0,0
0.00777184639336721,0.946861277093647,0,0
0.00901648541887567,0.957387709961541,0,0
0.00936886330771016,0.962665703380249,0,0
0.010598862097751,1.00376563679285,0,0
0.0117077857597394,0.950956154654164,0,0
0.0136390739367449,0.983233261702568,0,0
0.0134016061613031,0.9787042099859,0,0
0.0142099422427114,1.02816378450869,0,0
0.0142168314597728,1.04321302666651,0,0
0.0139913987062339,0.957361084187127,0,0
0.0134373505067011,0.946379658562764,0,0
0.0123566497179656,0.982749699351251,0,0
0.0122818174366274,0.901605225888051,0,0
0.0100084042452544,0.946703938115488,0,0
0.00953464667327584,0.896289958025513,0,0
0.00840096502207014,0.918723063831268,0,0
0.00793713680462959,0.940654288650266,0,0
0.00716776876099724,0.933628652270147,0,0
0.00655837325816991,0.909585915491902,0,0
0.00611792728385136,0.891937769056879,0,0
0.00556374893375053,0.846226888211602,0,0
0.00550774673787652,0.85803184590791,0,0
0.00556364527903514,0.838900663820956,0,0
0.00596651278834007,0.817624054975654,0,0
0.00687507966377941,0.805393066301071,0,0
0.00715629466543715,0.795671540016035,0,0
0.00773227583647178,0.784183726613131,0,0
0.00823651392530987,0.801494457463649,0,0
0.00855616845911524,0.72528847746351,0,0
0.00833429806908786,0.713958003117478,0,0
0.00799818255194838,0.713647560141163,0,0
0.00759320588322337,0.725667793051313,0,0
0.00747438631819003,0.670751415595753,0,0
0.00757490723785417,0.646281753506655,0,0
0.00699414627438341,0.698180260466881,0,0
0.00723025183672866,0.675932047643785,0,0
0.00796430854826403,0.685149288234789,0,0
0.00806180023283271,0.670403912509103,0,0
0.00904995228425687,0.748835747726555,0,0
0.00878109407094034,0.722044550668703,0,0
0.00909068475222782,0.69961885490117,0,0
0.00850077455583503,0.681241196249141,0,0
0.00897658758978564,0.724916562857452,0,0
0.0100436993278792,0.801828170447082,0,0
0.0098389031391696,0.796999239439826,0,0
0.0112754263376883,0.825406417708499,0,0
0.010809708722382,0.806653324668953,0,0
0.0104420082574782,0.82294339438496,0,0
0.0104617163829587,0.783976783986684,0,0
0.0108989203243673,0.864154961666335,0,0
0.0105642372081504,0.900127500134847,0,0
0.0096896419251486,0.899135306943711,0,0
0.00989651468973329,0.86935288887423,0,0
0.00854206940969627,0.804950185119211,0,0
0.00834096655563679,0.765626864230795,0,0
0.00740250187538184,0.729076413076795,0,0
0.00829573100252791,0.716941194939078,0,0
0.00904167614804482,0.724684040375588,0,0
0.00912779710942677,0.743952225137842,0,0
0.00857959054670667,0.702547235615372,0,0
0.00819012825682712,0.739561363018277,0,0
0.0090865626043107,0.708160591597852,0,0
0.00907773652807559,0.693852969469013,0,0
0.00984744296261937,0.705516890442557,0,0
0.0103036165384784,0.642748130269351,0,0
0.0106465603912576,0.642659237203177,0,0
0.0107267675056971,0.658595270495733,0,0
0.012138675728226,0.613675424413483,0,0
0.0126776597207911,0.578527883413516,0,0
0.0127560607499836,0.605442193697887,0,0
0.0125041264703332,0.591228169683992,0,0
0.0128683194986046,0.586793633455525,0,0
0.0129413381592958,0.650088095649373,0,0
0.0142532801658112,0.60544147536671,0,0
0.0137069451206953,0.552037166564796,0,0
0.0139364072117328,0.631069729881758,0,0
0.0148842874930132,0.646873054500162,0,0
0.0132428987667616,0.668035304443286,0,0
0.0118936126436724,0.67896658188035,0,0
0.0109804847922049,0.694682218130773,0,0
0.0110642017858188,0.644233849787703,0,0
0.0140471879393023,0.672433489675524,0,0
0.0166185531486374,0.783571692177906,0,0
0.0169217198689834,0.847235352641101,0,0
0.0168042104115625,0.869881007533252,0,0
0.0174296654527032,0.860329559692288,0,0
0.0167363311510701,0.744809950424958,0,0
0.0156869329351503,0.640320946503657,0,0
0.0140168370605219,0.578324004446531,0,0
0.0151969099709448,0.569737123550512,0,0
0.0157528160718032,0.580900595602405,0,0
0.0165799274507415,0.548449287805183,0,0
0.0177961084961438,0.541712979027054,0,0
0.0173761281704273,0.626358473324236,0,0
0.0197932301747003,0.628207414497327,0,0
0.0208264192600177,0.7217144668537,0,0
0.0196902244303415,0.64901922425975,0,0
0.018455655836119,0.66079859670276,0,0
0.0177630762634098,0.656202671129817,0,0
0.0175357077719725,0.655398067237599,0,0
0.0187551361745485,0.72790266348489,0,0
0.0196737100943226,0.745962714591496,0,0
0.0205012107102529,0.74900506261206,0,0
0.0206589260094153,0.763775647724394,0,0
0.0194769249395926,0.786089579869284,0,0
0.0189627055652476,0.752738634540346,0,0
0.0190666491515158,0.76217513056763,0,0
0.0170180358349478,0.695263623934787,0,0
0.0182140840595825,0.696072305732299,0,0
0.0185573341955691,0.697811275379088,0,0
0.0187659553622423,0.705883853932052,0,0
0.019099452665616,0.678620273816294,0,0
0.0200872339546974,0.695053924482753,0,0
0.0216108299737157,0.679030725715698,0,0
0.0209095083854694,0.679236543062673,0,0
0.0201555997101155,0.646084177556244,0,0
0.0175123096290634,0.693318434887066,0,0
0.0160823325223477,0.710757944127967,0,0
0.0150493441403795,0.793237327198514,0,0
0.0130142486926867,0.819732178667063,0,0
0.0136423845876428,0.741427476584525,0,0
0.0147420681181403,0.75028144305211,0,0
0.0163032913507646,0.779917046624192,0,0
0.015208348463438,0.721395800413274,0,0
0.0143631088655072,0.701722840450871,0,0
0.0130545125678606,0.640386506174933,0,0
0.0135188421376966,0.61451947455662,0,0
0.0143827670215411,0.661443445748838,0,0
0.01366514888017,0.71434127477339,0,0
0.0129874528367797,0.692793425081431,0,0
0.0129059467434118,0.709735667953117,0,0
0.0135455452693565,0.695412816106206,0,0
0.0145511968246559,0.719148405099794,0,0
0.014382844508647,0.780223351052349,0,0
0.0144783354703922,0.697938111344703,0,0
0.0136787871046239,0.769012660116471,0,0
0.0151789223778725,0.730478580569693,0,0
0.0157422239173469,0.722079966567338,0,0
0.0165158734858552,0.747279484120075,0,0
0.0166701251149467,0.70349916693667,0,0
0.0163715568823735,0.746008680350045,0,0
0.0164174120995538,0.744334015222777,0,0
0.0170228771158022,0.784015359596524,0,0
0.0181081077415323,0.808895181345064,0,0
0.0159428338990713,0.844735515565734,0,0
0.0148582667444234,0.831339173062014,0,0
0.01559396344713,0.880046388687209,0,0
0.0155776233636641,0.913271734115344,0,0
0.0149920606006024,0.89415209864204,0,0
0.0143293366598725,0.940702147373341,0,0
0.0141290423379424,0.906624241455552,0,0
0.0133225052016797,0.942156523097261,0,0
0.0138566049540489,0.977985606485759,0,0
0.0147972197295927,0.940133325198394,0,0
0.0136261517703347,0.94276850247218,0,0
0.0137969314217977,0.867871122557211,0,0
0.0146520646176517,0.884532766702089,0,0
0.0156989999001356,0.872374958634122,0,0
0.016892735901552,0.785318165131421,0,0
0.017701915243019,0.74637981795525,0,0
0.019018058657424,0.738315259593064,0,0
0.0189511962024447,0.723848017515071,0,0
0.0184609990198749,0.773787871613007,0,0
0.0181968687971053,0.870294177972135,0,0
0.0185751566047752,0.852369340486403,0,0
0.0206268673976074,0.820091536005563,0,0
